country,year,en_atm_meth_kt_ce
abw,1970,10.2469
abw,1971,10.4531
abw,1972,10.657
abw,1973,10.8551
abw,1974,11.0415
abw,1975,11.2194
abw,1976,11.5069
abw,1977,11.6718
abw,1978,12.2338
abw,1979,12.4857
abw,1980,12.6755
abw,1981,12.937
abw,1982,13.182
abw,1983,13.3622
abw,1984,13.6488
abw,1985,13.9676
abw,1986,13.8472
abw,1987,14.3017
abw,1988,14.5499
abw,1989,14.8981
abw,1990,15.1768
abw,1991,15.486
abw,1992,15.898
abw,1993,16.3861
abw,1994,16.8768
abw,1995,17.2964
abw,1996,16.964
abw,1997,21.5183
abw,1998,17.3478
abw,1999,17.5546
abw,2000,18.0514
abw,2001,18.4167
abw,2002,18.9009
abw,2003,19.3188
abw,2004,19.803
abw,2005,20.1826
abw,2006,20.6759
abw,2007,21.2466
abw,2008,21.7437
abw,2009,22.2462
abw,2010,22.7407
abw,2011,22.96811
abw,2012,23.19551
afg,1970,10202
afg,1971,10201.5
afg,1972,9170.59
afg,1973,9403.54
afg,1974,9987.93
afg,1975,10476.6
afg,1976,10535.6
afg,1977,10455.9
afg,1978,10380.1
afg,1979,10176.2
afg,1980,10376.6
afg,1981,10304.8
afg,1982,10259.8
afg,1983,9858.04
afg,1984,9054.65
afg,1985,8308.71
afg,1986,7415.09
afg,1987,7485.19
afg,1988,7920.27
afg,1989,7465.04
afg,1990,7627.58
afg,1991,7702.08
afg,1992,7385.53
afg,1993,7474.89
afg,1994,7666.93
afg,1995,7885.84
afg,1996,8611.68
afg,1997,9213.6
afg,1998,9700.17
afg,1999,10305.9
afg,2000,9384.18
afg,2001,8666.5
afg,2002,9929.43
afg,2003,10350.6
afg,2004,10521.4
afg,2005,10698.7
afg,2006,10869.9
afg,2007,11049.7
afg,2008,11224.4
afg,2009,11497.3
afg,2010,13493.3
afg,2011,13628.233
afg,2012,13763.166
ago,1970,23376.6
ago,1971,14500
ago,1972,15590
ago,1973,16651.7
ago,1974,15008.3
ago,1975,17061.4
ago,1976,15036.7
ago,1977,17437
ago,1978,18279.2
ago,1979,22903.7
ago,1980,19634.2
ago,1981,17404.8
ago,1982,19170.3
ago,1983,19184.3
ago,1984,15733
ago,1985,16094.5
ago,1986,15881.2
ago,1987,20493
ago,1988,15798
ago,1989,17298.5
ago,1990,22056.4
ago,1991,19167.4
ago,1992,28287.5
ago,1993,17547.5
ago,1994,19810
ago,1995,21420.5
ago,1996,20902.9
ago,1997,15071
ago,1998,16087
ago,1999,16092
ago,2000,15758.3
ago,2001,15496.9
ago,2002,15694.8
ago,2003,15589.8
ago,2004,15809
ago,2005,16358.6
ago,2006,16603.7
ago,2007,16551
ago,2008,17292.6
ago,2009,17997.9
ago,2010,18602.4
ago,2011,18788.424
ago,2012,18974.448
alb,1970,1763.64
alb,1971,1717.47
alb,1972,1737.08
alb,1973,1794.07
alb,1974,1815.36
alb,1975,1864.83
alb,1976,1943.17
alb,1977,2002.1
alb,1978,2113.28
alb,1979,2182
alb,1980,2228.41
alb,1981,2235.5
alb,1982,2245.35
alb,1983,2306.81
alb,1984,2327.29
alb,1985,2288.99
alb,1986,2368.58
alb,1987,2496.97
alb,1988,2606.35
alb,1989,2648.33
alb,1990,2546.96
alb,1991,2397.49
alb,1992,2268.97
alb,1993,2344.4
alb,1994,2783.96
alb,1995,2768.73
alb,1996,2618.41
alb,1997,2458.46
alb,1998,2371.49
alb,1999,2356.87
alb,2000,2608.8
alb,2001,2345.23
alb,2002,2333.22
alb,2003,2473.19
alb,2004,2470.02
alb,2005,2477.05
alb,2006,2485.28
alb,2007,2505.74
alb,2008,2516.63
alb,2009,2475.2
alb,2010,2592.37
alb,2011,2618.2937
alb,2012,2644.2174
are,1970,12873
are,1971,15994.8
are,1972,17430.9
are,1973,22124.5
are,1974,22447.2
are,1975,22133.1
are,1976,26644.6
are,1977,25239.9
are,1978,28053.7
are,1979,19337
are,1980,18727.5
are,1981,14826.2
are,1982,13402
are,1983,12827.7
are,1984,15765.2
are,1985,15227.5
are,1986,13462.8
are,1987,12880.4
are,1988,12085.9
are,1989,13242.5
are,1990,13606
are,1991,14654.3
are,1992,15097.3
are,1993,14840.7
are,1994,15746.5
are,1995,17009.1
are,1996,18626.2
are,1997,18717.4
are,1998,18896.1
are,1999,18716.3
are,2000,20332.7
are,2001,19986.8
are,2002,20738.6
are,2003,21960.5
are,2004,22552
are,2005,22769.4
are,2006,23928.4
are,2007,24537.1
are,2008,24457.4
are,2009,25047
are,2010,25607.4
are,2011,25863.474
are,2012,26119.548
arg,1970,84917.8
arg,1971,84729.1
arg,1972,88496
arg,1973,90791.3
arg,1974,91811.9
arg,1975,93881
arg,1976,97258.4
arg,1977,99683.6
arg,1978,96972.3
arg,1979,96622.1
arg,1980,95741.2
arg,1981,93157.7
arg,1982,91897.8
arg,1983,94102.1
arg,1984,94813.5
arg,1985,94616.9
arg,1986,94628.5
arg,1987,95248.5
arg,1988,98104.2
arg,1989,100292
arg,1990,102083
arg,1991,100648
arg,1992,102146
arg,1993,101568
arg,1994,101069
arg,1995,102195
arg,1996,101400
arg,1997,102577
arg,1998,100269
arg,1999,98301.3
arg,2000,99214.1
arg,2001,98515.1
arg,2002,95893.3
arg,2003,101066
arg,2004,101501
arg,2005,100126
arg,2006,100025
arg,2007,97783.6
arg,2008,97896.6
arg,2009,93113.2
arg,2010,86741.6
arg,2011,87609.016
arg,2012,88476.432
arm,1970,1317.98
arm,1971,1384.62
arm,1972,1440.48
arm,1973,1485.25
arm,1974,1541.25
arm,1975,1587.12
arm,1976,1590.73
arm,1977,1582.01
arm,1978,1575.56
arm,1979,1562.06
arm,1980,1542.94
arm,1981,1523.36
arm,1982,1531.89
arm,1983,1564.49
arm,1984,1605.02
arm,1985,1628.66
arm,1986,1632.63
arm,1987,1646.58
arm,1988,2491.32
arm,1989,2669.38
arm,1990,2889.7
arm,1991,2745.41
arm,1992,2605.21
arm,1993,2400.96
arm,1994,2537.16
arm,1995,2427.42
arm,1996,2561.53
arm,1997,2613.39
arm,1998,2552.16
arm,1999,2619.24
arm,2000,2565.36
arm,2001,2533.7
arm,2002,2604.24
arm,2003,2712.88
arm,2004,2826.69
arm,2005,2960.23
arm,2006,3084.15
arm,2007,3105.73
arm,2008,3234.91
arm,2009,3250.45
arm,2010,3328.72
arm,2011,3377.20451
arm,2012,3425.67801
asm,1970,6.12116
asm,1971,6.165
asm,1972,6.23502
asm,1973,6.32936
asm,1974,6.45378
asm,1975,6.57608
asm,1976,6.67545
asm,1977,6.83219
asm,1978,6.8685
asm,1979,6.89215
asm,1980,6.96729
asm,1981,7.09575
asm,1982,7.35214
asm,1983,7.62757
asm,1984,7.91671
asm,1985,8.17822
asm,1986,8.43484
asm,1987,8.73258
asm,1988,9.01238
asm,1989,9.35252
asm,1990,8.84112
asm,1991,9.11689
asm,1992,9.35997
asm,1993,9.58111
asm,1994,9.77834
asm,1995,9.95821
asm,1996,10.1199
asm,1997,10.2618
asm,1998,10.3686
asm,1999,10.4723
asm,2000,10.5692
asm,2001,10.6934
asm,2002,10.8147
asm,2003,10.9261
asm,2004,11.0623
asm,2005,11.216
asm,2006,11.3831
asm,2007,11.663
asm,2008,12.0323
asm,2009,12.4112
asm,2010,12.858
asm,2011,12.98658
asm,2012,13.11516
atg,1970,24.3148
atg,1971,26.4249
atg,1972,26.207
atg,1973,26.476
atg,1974,25.5003
atg,1975,25.4343
atg,1976,25.0089
atg,1977,26.1641
atg,1978,27.7674
atg,1979,31.4964
atg,1980,34.4073
atg,1981,34.1812
atg,1982,36.7223
atg,1983,35.6842
atg,1984,35.8914
atg,1985,37.3737
atg,1986,37.3027
atg,1987,37.4902
atg,1988,37.7617
atg,1989,35.4074
atg,1990,35.5108
atg,1991,35.7635
atg,1992,36.0069
atg,1993,36.4707
atg,1994,37.0902
atg,1995,37.4865
atg,1996,37.1301
atg,1997,36.9801
atg,1998,36.7529
atg,1999,36.6888
atg,2000,36.6767
atg,2001,37.488
atg,2002,38.0691
atg,2003,38.6174
atg,2004,39.402
atg,2005,39.6399
atg,2006,40.1914
atg,2007,40.713
atg,2008,41.3407
atg,2009,41.8852
atg,2010,42.4249
atg,2011,42.84915
atg,2012,43.2734
aus,1970,94290.8
aus,1971,93855.2
aus,1972,106378
aus,1973,97724.1
aus,1974,102739
aus,1975,107139
aus,1976,114340
aus,1977,110996
aus,1978,99816.3
aus,1979,106411
aus,1980,109630
aus,1981,97530.1
aus,1982,107729
aus,1983,98933.4
aus,1984,101429
aus,1985,113739
aus,1986,109178
aus,1987,103771
aus,1988,103628
aus,1989,109117
aus,1990,115150
aus,1991,120601
aus,1992,116503
aus,1993,112836
aus,1994,123283
aus,1995,112637
aus,1996,113515
aus,1997,118625
aus,1998,116914
aus,1999,121783
aus,2000,128133
aus,2001,136147
aus,2002,132305
aus,2003,125529
aus,2004,126732
aus,2005,122172
aus,2006,119085
aus,2007,135612
aus,2008,122245
aus,2009,127532
aus,2010,122574
aus,2011,124100.34179
aus,2012,125588.19358
aut,1970,9022.21
aut,1971,8936.1
aut,1972,8915.63
aut,1973,9092.98
aut,1974,9242.43
aut,1975,9225.31
aut,1976,9256.6
aut,1977,9379.33
aut,1978,9412.63
aut,1979,9606.65
aut,1980,9714.19
aut,1981,9733.11
aut,1982,9873.12
aut,1983,9909.95
aut,1984,10102.8
aut,1985,10297.3
aut,1986,10245.4
aut,1987,10168.7
aut,1988,10346.8
aut,1989,10158.8
aut,1990,10029.3
aut,1991,10039.8
aut,1992,9884.56
aut,1993,9936.15
aut,1994,9627.2
aut,1995,9560.78
aut,1996,9454.04
aut,1997,9247.57
aut,1998,9154.76
aut,1999,9106.53
aut,2000,8984.8
aut,2001,8892.31
aut,2002,8792.2
aut,2003,8704.1
aut,2004,8571.02
aut,2005,8456.51
aut,2006,8432.23
aut,2007,8384.12
aut,2008,8304.94
aut,2009,8266.99
aut,2010,8391.49
aut,2011,8137.70827
aut,2012,8006.81354
aze,1970,6397.68
aze,1971,6584.08
aze,1972,6796.62
aze,1973,7016.63
aze,1974,7342
aze,1975,7682.02
aze,1976,7925.1
aze,1977,8129.77
aze,1978,8380.82
aze,1979,8611.2
aze,1980,8835.25
aze,1981,9008.95
aze,1982,9255.25
aze,1983,9554.46
aze,1984,9915.83
aze,1985,10274.8
aze,1986,10683.4
aze,1987,11020.6
aze,1988,11206.4
aze,1989,11350.3
aze,1990,11458.5
aze,1991,11045.7
aze,1992,10495.1
aze,1993,9898.54
aze,1994,9473.4
aze,1995,9117.49
aze,1996,8898.35
aze,1997,8875.62
aze,1998,9117.41
aze,1999,9700.05
aze,2000,9954.63
aze,2001,10274.2
aze,2002,10584.2
aze,2003,11059.9
aze,2004,11330.6
aze,2005,12102.3
aze,2006,13077.1
aze,2007,14806.8
aze,2008,16945.9
aze,2009,17922.2
aze,2010,18400.5
aze,2011,19177.90777
aze,2012,19955.36354
bdi,1970,1468.92
bdi,1971,1458.38
bdi,1972,1516.03
bdi,1973,1545.3
bdi,1974,1565.52
bdi,1975,1601.2
bdi,1976,1603.62
bdi,1977,1613.04
bdi,1978,1638.31
bdi,1979,1676.56
bdi,1980,1554.06
bdi,1981,1438.55
bdi,1982,1460.67
bdi,1983,1478.26
bdi,1984,1518.95
bdi,1985,1486
bdi,1986,1595.95
bdi,1987,1598.36
bdi,1988,1632.1
bdi,1989,1664.13
bdi,1990,1716.43
bdi,1991,1748.87
bdi,1992,1793.64
bdi,1993,1844.03
bdi,1994,1855.69
bdi,1995,1847.7
bdi,1996,1897.05
bdi,1997,1921.63
bdi,1998,1968.26
bdi,1999,1496.81
bdi,2000,1504.84
bdi,2001,2089.83
bdi,2002,2130.5
bdi,2003,2133.74
bdi,2004,2231.44
bdi,2005,2279.68
bdi,2006,2353.09
bdi,2007,2413.61
bdi,2008,2482.8
bdi,2009,2587.94
bdi,2010,2665.55
bdi,2011,2692.2055
bdi,2012,2718.861
bel,1970,14123.1
bel,1971,13728.7
bel,1972,13629
bel,1973,13962.1
bel,1974,14215.9
bel,1975,13980.4
bel,1976,13888.2
bel,1977,13986.8
bel,1978,13757.1
bel,1979,13809.5
bel,1980,13818.4
bel,1981,13761.3
bel,1982,13726.5
bel,1983,13607.2
bel,1984,13811.8
bel,1985,13979.3
bel,1986,13626.9
bel,1987,13297.9
bel,1988,12429.8
bel,1989,12415.3
bel,1990,12445
bel,1991,12512
bel,1992,12297.8
bel,1993,12053.3
bel,1994,12007
bel,1995,12157.7
bel,1996,11715.8
bel,1997,11367.9
bel,1998,11113.1
bel,1999,11322.7
bel,2000,11079
bel,2001,10709.9
bel,2002,10250.1
bel,2003,9916.4
bel,2004,9906.04
bel,2005,9623.69
bel,2006,9584.15
bel,2007,9547.3
bel,2008,9537.89
bel,2009,9586.1
bel,2010,9632.35
bel,2011,9414.72496
bel,2012,9243.34893
ben,1970,3460.96
ben,1971,3378.42
ben,1972,3381.77
ben,1973,3723.05
ben,1974,2893.84
ben,1975,3191.05
ben,1976,3335.67
ben,1977,3905
ben,1978,3344.62
ben,1979,3645.15
ben,1980,4533.24
ben,1981,3821.82
ben,1982,4412.49
ben,1983,4154.09
ben,1984,4143.93
ben,1985,3827.9
ben,1986,3778.02
ben,1987,3967.14
ben,1988,3733.38
ben,1989,4082.09
ben,1990,5119.5
ben,1991,4131.13
ben,1992,4779.61
ben,1993,4489.97
ben,1994,4604.69
ben,1995,4947.61
ben,1996,4930.25
ben,1997,5039.62
ben,1998,4245.88
ben,1999,4658.25
ben,2000,4503.77
ben,2001,4433.23
ben,2002,4994.05
ben,2003,4124.69
ben,2004,4369.94
ben,2005,4377.31
ben,2006,4526.1
ben,2007,5598.09
ben,2008,7086.59
ben,2009,7181.71
ben,2010,6845.63
ben,2011,6914.0863
ben,2012,6982.5426
bfa,1970,4613.42
bfa,1971,4602.1
bfa,1972,4405.45
bfa,1973,4330.75
bfa,1974,4135.98
bfa,1975,4289.1
bfa,1976,4417.34
bfa,1977,4638.97
bfa,1978,4609.52
bfa,1979,4850.84
bfa,1980,5223.71
bfa,1981,5180.78
bfa,1982,5437.93
bfa,1983,5473.43
bfa,1984,5633.82
bfa,1985,6038.6
bfa,1986,6180.2
bfa,1987,6375.34
bfa,1988,6461.33
bfa,1989,6710.69
bfa,1990,7238.16
bfa,1991,7141.1
bfa,1992,7577.76
bfa,1993,7730.34
bfa,1994,8009.29
bfa,1995,8432.06
bfa,1996,8680.18
bfa,1997,9006.01
bfa,1998,9210.4
bfa,1999,8627.91
bfa,2000,9039.73
bfa,2001,10043.7
bfa,2002,10031.4
bfa,2003,10453.4
bfa,2004,11059.7
bfa,2005,11746.2
bfa,2006,12228.7
bfa,2007,13396.2
bfa,2008,13564
bfa,2009,14147.2
bfa,2010,14663.9
bfa,2011,14810.539
bfa,2012,14957.178
bgd,1970,91304.9
bgd,1971,86454.8
bgd,1972,88057.2
bgd,1973,88622.8
bgd,1974,87762.2
bgd,1975,90812.2
bgd,1976,88206.1
bgd,1977,88930.3
bgd,1978,91214.2
bgd,1979,92273.5
bgd,1980,87058.4
bgd,1981,88085
bgd,1982,88597.9
bgd,1983,83607.6
bgd,1984,86141.6
bgd,1985,87075
bgd,1986,88140.6
bgd,1987,86484.1
bgd,1988,86033.6
bgd,1989,87640.1
bgd,1990,87092.7
bgd,1991,85947.7
bgd,1992,86069.7
bgd,1993,84822.6
bgd,1994,84986
bgd,1995,85432.8
bgd,1996,86646.3
bgd,1997,87234
bgd,1998,85824.8
bgd,1999,89556.1
bgd,2000,89247.2
bgd,2001,90645.8
bgd,2002,92039.3
bgd,2003,92994.3
bgd,2004,91778.3
bgd,2005,94197.9
bgd,2006,95019.6
bgd,2007,96499.6
bgd,2008,97832.1
bgd,2009,99687.7
bgd,2010,103080
bgd,2011,104110.8
bgd,2012,105141.6
bgr,1970,9939.9
bgr,1971,10259.6
bgr,1972,10689.5
bgr,1973,11019.7
bgr,1974,11132.3
bgr,1975,11700.7
bgr,1976,12117.2
bgr,1977,12384.8
bgr,1978,12717.1
bgr,1979,13107.4
bgr,1980,13535.1
bgr,1981,13953.9
bgr,1982,14382
bgr,1983,14672.7
bgr,1984,14989.7
bgr,1985,15044.5
bgr,1986,15245.3
bgr,1987,15485.2
bgr,1988,15495.7
bgr,1989,15762.4
bgr,1990,15675.5
bgr,1991,15096.2
bgr,1992,14847.6
bgr,1993,14039
bgr,1994,13612.6
bgr,1995,13564.6
bgr,1996,13735.8
bgr,1997,13552.9
bgr,1998,13685.2
bgr,1999,13626.7
bgr,2000,13783.3
bgr,2001,13442.5
bgr,2002,13037.5
bgr,2003,13144.4
bgr,2004,13134.3
bgr,2005,12778.3
bgr,2006,12652.3
bgr,2007,12461.8
bgr,2008,12280.2
bgr,2009,11969.9
bgr,2010,12010.7
bgr,2011,11881.80074
bgr,2012,11793.66449
bhr,1970,791.432
bhr,1971,793.261
bhr,1972,815.001
bhr,1973,958.755
bhr,1974,1071.19
bhr,1975,1021.28
bhr,1976,1079.05
bhr,1977,1207.62
bhr,1978,1235
bhr,1979,1313.81
bhr,1980,1324.4
bhr,1981,1418.34
bhr,1982,1362.83
bhr,1983,1366.63
bhr,1984,1449.78
bhr,1985,1637.01
bhr,1986,1610.74
bhr,1987,1616.34
bhr,1988,1687.3
bhr,1989,1760.01
bhr,1990,1800.13
bhr,1991,1641.38
bhr,1992,1798.6
bhr,1993,1932.96
bhr,1994,1938.74
bhr,1995,1951.66
bhr,1996,2074.81
bhr,1997,2184.4
bhr,1998,2302.05
bhr,1999,2343.82
bhr,2000,2382.55
bhr,2001,2457.67
bhr,2002,2568.28
bhr,2003,2627.62
bhr,2004,2690.75
bhr,2005,2779.46
bhr,2006,2925.18
bhr,2007,3058.41
bhr,2008,3195.54
bhr,2009,3239.22
bhr,2010,3312.28
bhr,2011,3345.4028
bhr,2012,3378.5256
bhs,1970,93.6182
bhs,1971,99.2579
bhs,1972,103.132
bhs,1973,107.454
bhs,1974,103.173
bhs,1975,106.266
bhs,1976,103.646
bhs,1977,114.557
bhs,1978,107.247
bhs,1979,108.112
bhs,1980,112.649
bhs,1981,119.43
bhs,1982,120.161
bhs,1983,120.313
bhs,1984,121.977
bhs,1985,116.529
bhs,1986,119.574
bhs,1987,124.679
bhs,1988,129.905
bhs,1989,136.121
bhs,1990,141.46
bhs,1991,145.567
bhs,1992,148.491
bhs,1993,151.936
bhs,1994,156.015
bhs,1995,160.252
bhs,1996,164.748
bhs,1997,166.832
bhs,1998,168.87
bhs,1999,171.277
bhs,2000,174.776
bhs,2001,179.165
bhs,2002,182.339
bhs,2003,186.35
bhs,2004,191.765
bhs,2005,196.505
bhs,2006,201
bhs,2007,206.223
bhs,2008,211.842
bhs,2009,216.937
bhs,2010,222.181
bhs,2011,224.40281
bhs,2012,226.62462
bih,1970,3173.7
bih,1971,3202.11
bih,1972,3222.75
bih,1973,3259.47
bih,1974,3470.38
bih,1975,3350.17
bih,1976,3319.17
bih,1977,3323.15
bih,1978,3397.02
bih,1979,3470.73
bih,1980,3660.59
bih,1981,3868.77
bih,1982,4217.93
bih,1983,4516.74
bih,1984,4580.33
bih,1985,4644.82
bih,1986,4525.84
bih,1987,4558.4
bih,1988,4311.72
bih,1989,4399.82
bih,1990,4589.45
bih,1991,4250.82
bih,1992,3714.74
bih,1993,3410.67
bih,1994,1748.27
bih,1995,1663.95
bih,1996,1445.33
bih,1997,1888.93
bih,1998,2193.35
bih,1999,2253.68
bih,2000,2671.65
bih,2001,2216.68
bih,2002,2286
bih,2003,2635.67
bih,2004,2580.15
bih,2005,2665.65
bih,2006,2801.77
bih,2007,2944.54
bih,2008,3037.43
bih,2009,3090.91
bih,2010,3078.6
bih,2011,3109.386
bih,2012,3140.172
blr,1970,12125.1
blr,1971,12728.7
blr,1972,13175.8
blr,1973,13543.1
blr,1974,14010.5
blr,1975,14487.2
blr,1976,14658.3
blr,1977,14830
blr,1978,15174.5
blr,1979,15383
blr,1980,15567.1
blr,1981,15714.1
blr,1982,16014.3
blr,1983,16387
blr,1984,16759.6
blr,1985,17136.2
blr,1986,17390.5
blr,1987,17804.6
blr,1988,17726.2
blr,1989,18093.6
blr,1990,18649.3
blr,1991,18044.2
blr,1992,17377.9
blr,1993,16563.1
blr,1994,15777.4
blr,1995,14837.1
blr,1996,14268.2
blr,1997,13965.1
blr,1998,14006.7
blr,1999,13819.6
blr,2000,13322.3
blr,2001,13379.9
blr,2002,13442.4
blr,2003,13221.3
blr,2004,13458.6
blr,2005,14045.8
blr,2006,14442.3
blr,2007,14870.9
blr,2008,15344
blr,2009,15913.6
blr,2010,16437.5
blr,2011,16528.60066
blr,2012,16619.66131
blz,1970,96.4889
blz,1971,108.077
blz,1972,112.541
blz,1973,115.247
blz,1974,127.784
blz,1975,131.281
blz,1976,126.443
blz,1977,134.226
blz,1978,135.003
blz,1979,145.317
blz,1980,142.073
blz,1981,137.738
blz,1982,155.641
blz,1983,142.432
blz,1984,146.228
blz,1985,143.228
blz,1986,143.252
blz,1987,148.371
blz,1988,151.007
blz,1989,158.536
blz,1990,169.855
blz,1991,181.809
blz,1992,182.77
blz,1993,179.955
blz,1994,181.384
blz,1995,160.494
blz,1996,167.411
blz,1997,162.969
blz,1998,158.402
blz,1999,168.345
blz,2000,166.999
blz,2001,165.936
blz,2002,173.831
blz,2003,183.814
blz,2004,178.063
blz,2005,187.507
blz,2006,189.883
blz,2007,191.835
blz,2008,193.103
blz,2009,206.72
blz,2010,224.011
blz,2011,226.25111
blz,2012,228.49122
bmu,1970,19.9698
bmu,1971,20.3561
bmu,1972,21.05
bmu,1973,21.836
bmu,1974,20.9776
bmu,1975,21.548
bmu,1976,21.0867
bmu,1977,22.8596
bmu,1978,21.7584
bmu,1979,21.9242
bmu,1980,22.7306
bmu,1981,23.0682
bmu,1982,23.8669
bmu,1983,24.9723
bmu,1984,24.6363
bmu,1985,22.3878
bmu,1986,21.9011
bmu,1987,22.4462
bmu,1988,23.275
bmu,1989,24.3998
bmu,1990,24.0812
bmu,1991,24.2707
bmu,1992,24.2345
bmu,1993,24.4629
bmu,1994,24.8384
bmu,1995,25.1052
bmu,1996,25.3665
bmu,1997,25.3834
bmu,1998,25.6326
bmu,1999,26.0423
bmu,2000,26.5171
bmu,2001,26.8384
bmu,2002,27.2319
bmu,2003,27.5822
bmu,2004,27.9943
bmu,2005,28.3213
bmu,2006,28.7162
bmu,2007,28.9614
bmu,2008,29.4193
bmu,2009,29.879
bmu,2010,30.3529
bmu,2011,30.65643
bmu,2012,30.95996
bol,1970,16508.6
bol,1971,11349.2
bol,1972,15052.3
bol,1973,12661
bol,1974,14135.5
bol,1975,16353.3
bol,1976,19290.7
bol,1977,14982.3
bol,1978,18848.6
bol,1979,19993.7
bol,1980,21233.3
bol,1981,19046.2
bol,1982,19916.5
bol,1983,21186.9
bol,1984,16739.4
bol,1985,18281.8
bol,1986,18697.5
bol,1987,22567.2
bol,1988,19465
bol,1989,19829
bol,1990,22435.9
bol,1991,21403.2
bol,1992,23062.2
bol,1993,25269.1
bol,1994,19438.4
bol,1995,20551.2
bol,1996,21495.6
bol,1997,22156.9
bol,1998,19195
bol,1999,37456.8
bol,2000,19765.7
bol,2001,19566.8
bol,2002,23336.2
bol,2003,19758.9
bol,2004,55862.7
bol,2005,29842.8
bol,2006,19181
bol,2007,19943.6
bol,2008,21016.2
bol,2009,21009
bol,2010,22775.9
bol,2011,23003.659
bol,2012,23231.418
bra,1970,207737
bra,1971,181227
bra,1972,202311
bra,1973,193144
bra,1974,206837
bra,1975,222650
bra,1976,248660
bra,1977,230474
bra,1978,244721
bra,1979,254110
bra,1980,275469
bra,1981,268220
bra,1982,276022
bra,1983,280215
bra,1984,268282
bra,1985,276932
bra,1986,289242
bra,1987,313604
bra,1988,303131
bra,1989,309656
bra,1990,319678
bra,1991,324383
bra,1992,340142
bra,1993,356615
bra,1994,334732
bra,1995,355036
bra,1996,350573
bra,1997,354875
bra,1998,376882
bra,1999,361634
bra,2000,343027
bra,2001,367626
bra,2002,388268
bra,2003,419110
bra,2004,459552
bra,2005,492336
bra,2006,407314
bra,2007,412677
bra,2008,421460
bra,2009,421609
bra,2010,443289
bra,2011,469456.4973
bra,2012,477076.7946
brb,1970,100.037
brb,1971,99.6235
brb,1972,99.3967
brb,1973,103.435
brb,1974,101.21
brb,1975,94.5442
brb,1976,94.7256
brb,1977,98.1512
brb,1978,98.3431
brb,1979,100.32
brb,1980,105.248
brb,1981,103.297
brb,1982,101.422
brb,1983,103.253
brb,1984,106.172
brb,1985,104.42
brb,1986,107.973
brb,1987,109.174
brb,1988,114.185
brb,1989,123.467
brb,1990,128.619
brb,1991,126.948
brb,1992,125.88
brb,1993,123.372
brb,1994,123.58
brb,1995,123.837
brb,1996,124.024
brb,1997,111.406
brb,1998,113.956
brb,1999,117.105
brb,2000,121.071
brb,2001,106.719
brb,2002,105.882
brb,2003,104.898
brb,2004,99.5031
brb,2005,103.249
brb,2006,101.042
brb,2007,103.08
brb,2008,103.598
brb,2009,105.803
brb,2010,107.243
brb,2011,108.31543
brb,2012,109.38786
brn,1970,1614.81
brn,1971,1276.48
brn,1972,1733.59
brn,1973,2611.12
brn,1974,2587.87
brn,1975,2867.56
brn,1976,3500.47
brn,1977,3972.31
brn,1978,4085.62
brn,1979,3857.07
brn,1980,4467.29
brn,1981,3603.46
brn,1982,3695.23
brn,1983,4407.76
brn,1984,3454.88
brn,1985,3261.48
brn,1986,3280.3
brn,1987,3649.84
brn,1988,3343.78
brn,1989,3127.02
brn,1990,3611.25
brn,1991,3695.32
brn,1992,4173.59
brn,1993,3855.17
brn,1994,3829.26
brn,1995,4191.14
brn,1996,3898.59
brn,1997,3914
brn,1998,7163.45
brn,1999,3964.27
brn,2000,3881.73
brn,2001,4047.02
brn,2002,4015.77
brn,2003,4266.33
brn,2004,4135.8
brn,2005,4570.73
brn,2006,4499.68
brn,2007,4333.04
brn,2008,4652.14
brn,2009,4429.97
brn,2010,4450.36
brn,2011,4494.8636
brn,2012,4539.3672
btn,1970,698.411
btn,1971,708.691
btn,1972,718.171
btn,1973,731.495
btn,1974,744.099
btn,1975,748.386
btn,1976,757.762
btn,1977,771.206
btn,1978,793.6
btn,1979,809.099
btn,1980,824.635
btn,1981,829.884
btn,1982,849.867
btn,1983,869.033
btn,1984,887.475
btn,1985,913.409
btn,1986,932.933
btn,1987,952.427
btn,1988,895.907
btn,1989,902.446
btn,1990,918.942
btn,1991,910.801
btn,1992,1195.84
btn,1993,1192.97
btn,1994,1190.05
btn,1995,1154.71
btn,1996,1154.01
btn,1997,1056.38
btn,1998,1070.87
btn,1999,1247.89
btn,2000,1032.4
btn,2001,948.136
btn,2002,1010.49
btn,2003,912.517
btn,2004,1016.32
btn,2005,1033.11
btn,2006,1256.19
btn,2007,1118.85
btn,2008,1203.31
btn,2009,1358.17
btn,2010,1734.98
btn,2011,1752.3298
btn,2012,1769.6796
bwa,1970,5232.4
bwa,1971,3235.56
bwa,1972,3725.3
bwa,1973,4015.6
bwa,1974,3837.64
bwa,1975,4595.57
bwa,1976,4538.56
bwa,1977,5170.34
bwa,1978,5119.89
bwa,1979,6114.78
bwa,1980,5327.21
bwa,1981,4932.32
bwa,1982,5332.04
bwa,1983,5131.96
bwa,1984,4170.28
bwa,1985,4045.73
bwa,1986,3916.36
bwa,1987,4946.03
bwa,1988,4062.62
bwa,1989,4612.06
bwa,1990,6074.01
bwa,1991,4876.54
bwa,1992,6693.47
bwa,1993,4024.46
bwa,1994,4836.68
bwa,1995,5429.5
bwa,1996,4568.76
bwa,1997,4458
bwa,1998,3974.15
bwa,1999,4125.6
bwa,2000,3941.21
bwa,2001,5161.82
bwa,2002,5879.15
bwa,2003,4367.6
bwa,2004,4429.64
bwa,2005,4657.86
bwa,2006,3850.23
bwa,2007,3936.47
bwa,2008,3875.37
bwa,2009,4163.79
bwa,2010,4360.95
bwa,2011,4404.5595
bwa,2012,4448.169
caf,1970,28889.6
caf,1971,27465.9
caf,1972,26787.2
caf,1973,30480.2
caf,1974,19560
caf,1975,22510.2
caf,1976,24017.8
caf,1977,31451.7
caf,1978,23497.1
caf,1979,27484.7
caf,1980,38591.8
caf,1981,28376.7
caf,1982,35819.1
caf,1983,31620.1
caf,1984,30844.8
caf,1985,25781.8
caf,1986,26604.3
caf,1987,28833.8
caf,1988,25241
caf,1989,29728.2
caf,1990,42252.8
caf,1991,28539.5
caf,1992,36670.8
caf,1993,32322.8
caf,1994,31685.4
caf,1995,37658.1
caf,1996,36284.9
caf,1997,37143.3
caf,1998,22640.2
caf,1999,24269.5
caf,2000,26663.3
caf,2001,36482.5
caf,2002,23758.8
caf,2003,26071.8
caf,2004,24080.1
caf,2005,25739.8
caf,2006,91775.7
caf,2007,147533
caf,2008,97375.6
caf,2009,73694.5
caf,2010,83996.9
caf,2011,84836.869
caf,2012,85676.838
can,1970,67295.5
can,1971,68154
can,1972,66036.9
can,1973,67343.5
can,1974,66484.9
can,1975,64755.4
can,1976,67771.7
can,1977,65172.8
can,1978,62534.2
can,1979,73100.3
can,1980,78956.3
can,1981,78505
can,1982,68998.1
can,1983,69139.1
can,1984,71134.8
can,1985,73675.6
can,1986,73266.9
can,1987,74144.6
can,1988,78447.6
can,1989,92349.3
can,1990,77163.5
can,1991,81474
can,1992,83400.6
can,1993,89389.9
can,1994,104467
can,1995,109622
can,1996,97909.6
can,1997,98142.2
can,1998,114948
can,1999,104782
can,2000,102170
can,2001,103053
can,2002,106819
can,2003,111137
can,2004,114500
can,2005,108519
can,2006,107954
can,2007,107975
can,2008,107850
can,2009,103829
can,2010,104529
can,2011,105687.66217
can,2012,106846.77434
che,1970,4878.4
che,1971,4749.41
che,1972,4821.68
che,1973,5060.67
che,1974,5139.58
che,1975,5125.49
che,1976,5208.18
che,1977,5313.35
che,1978,5354.23
che,1979,5397.46
che,1980,5483.61
che,1981,5470.53
che,1982,5435.21
che,1983,5588.46
che,1984,5591.22
che,1985,5658.93
che,1986,5658.56
che,1987,5630.65
che,1988,5686.98
che,1989,5828.74
che,1990,5907.07
che,1991,5865.67
che,1992,5749.27
che,1993,5666.06
che,1994,5695.96
che,1995,5613.28
che,1996,5576.61
che,1997,5386.85
che,1998,5328.37
che,1999,5155.53
che,2000,5126.48
che,2001,5150.73
che,2002,5084.65
che,2003,4975.49
che,2004,4977.71
che,2005,4954.17
che,2006,4945.07
che,2007,4953.02
che,2008,4946.62
che,2009,4897.93
che,2010,4992.3
che,2011,4902.80988
che,2012,4900.25075
chl,1970,10912.9
chl,1971,11364.8
chl,1972,12268.3
chl,1973,12264.6
chl,1974,12218.7
chl,1975,12678.3
chl,1976,13107
chl,1977,12385.8
chl,1978,12520
chl,1979,12713.4
chl,1980,12656.7
chl,1981,12051.9
chl,1982,11837.8
chl,1983,11646.7
chl,1984,11651
chl,1985,11006.8
chl,1986,11063.7
chl,1987,11351
chl,1988,11723.5
chl,1989,11933.8
chl,1990,11988.5
chl,1991,12149.8
chl,1992,12505.3
chl,1993,13353.4
chl,1994,13968.5
chl,1995,14502
chl,1996,15107.4
chl,1997,15788.5
chl,1998,15907.9
chl,1999,16781.9
chl,2000,16928.8
chl,2001,17474.7
chl,2002,17621.8
chl,2003,17592.6
chl,2004,17745.3
chl,2005,18196.6
chl,2006,18389.4
chl,2007,17972.4
chl,2008,17995
chl,2009,18106.9
chl,2010,18020.1
chl,2011,18200.301
chl,2012,18380.502
chn,1970,781088
chn,1971,813814
chn,1972,825771
chn,1973,826991
chn,1974,830833
chn,1975,854612
chn,1976,861785
chn,1977,871602
chn,1978,877210
chn,1979,874356
chn,1980,869136
chn,1981,861145
chn,1982,870542
chn,1983,890568
chn,1984,908770
chn,1985,908613
chn,1986,925594
chn,1987,940693
chn,1988,961551
chn,1989,991542
chn,1990,1016910
chn,1991,1013520
chn,1992,1010330
chn,1993,1002980
chn,1994,1020310
chn,1995,1075420
chn,1996,1093470
chn,1997,1066800
chn,1998,1060240
chn,1999,1055950
chn,2000,1043400
chn,2001,1051690
chn,2002,1085790
chn,2003,1146530
chn,2004,1251300
chn,2005,1327790
chn,2006,1392640
chn,2007,1444170
chn,2008,1537220
chn,2009,1582750
chn,2010,1642260
chn,2011,1697274.4698
chn,2012,1752290.1396
civ,1970,7803.2
civ,1971,7554.85
civ,1972,7486.68
civ,1973,8251.49
civ,1974,6276.09
civ,1975,6981.66
civ,1976,7352.1
civ,1977,8838.9
civ,1978,7428.51
civ,1979,8231.33
civ,1980,10315.6
civ,1981,8446.63
civ,1982,9963.32
civ,1983,9256.79
civ,1984,9252.31
civ,1985,8406.7
civ,1986,8700.61
civ,1987,9217.68
civ,1988,8672.97
civ,1989,9642.07
civ,1990,12146.2
civ,1991,9723.42
civ,1992,11411.8
civ,1993,10598.3
civ,1994,10766
civ,1995,12079.7
civ,1996,11969.2
civ,1997,12334.1
civ,1998,12005.4
civ,1999,10615.9
civ,2000,14236.9
civ,2001,13551.2
civ,2002,13371.7
civ,2003,10335.6
civ,2004,10706.8
civ,2005,12474.4
civ,2006,13177.9
civ,2007,13617.4
civ,2008,14488.5
civ,2009,14957.3
civ,2010,15946.7
civ,2011,16106.167
civ,2012,16265.634
cmr,1970,8286.23
cmr,1971,8197.01
cmr,1972,7986.47
cmr,1973,8591.02
cmr,1974,6852.3
cmr,1975,7544.52
cmr,1976,7988.62
cmr,1977,9451.52
cmr,1978,8285.96
cmr,1979,9063.01
cmr,1980,11453
cmr,1981,9871.54
cmr,1982,11008.5
cmr,1983,12899.4
cmr,1984,13011.8
cmr,1985,12354.8
cmr,1986,14152.2
cmr,1987,14006.8
cmr,1988,10951.7
cmr,1989,13449.5
cmr,1990,15980.2
cmr,1991,13669.7
cmr,1992,15115.7
cmr,1993,14641.7
cmr,1994,13388.8
cmr,1995,14466.4
cmr,1996,14437.5
cmr,1997,14660.8
cmr,1998,12960.5
cmr,1999,13175.4
cmr,2000,15842.9
cmr,2001,16304.4
cmr,2002,13538.7
cmr,2003,13444
cmr,2004,13852.6
cmr,2005,13699.5
cmr,2006,15852.3
cmr,2007,23834.6
cmr,2008,19927.3
cmr,2009,19356.5
cmr,2010,18153.3
cmr,2011,18334.833
cmr,2012,18516.366
cod,1970,119583
cod,1971,49226.3
cod,1972,56073.3
cod,1973,62884.2
cod,1974,49570.4
cod,1975,66528.2
cod,1976,54983.4
cod,1977,68535.2
cod,1978,73709.3
cod,1979,109096
cod,1980,82413
cod,1981,65799.7
cod,1982,79415.3
cod,1983,77938.3
cod,1984,49598.8
cod,1985,51682.6
cod,1986,48495.5
cod,1987,83973.6
cod,1988,45660.2
cod,1989,57709.6
cod,1990,98339.5
cod,1991,73467
cod,1992,142818
cod,1993,59421.6
cod,1994,78285.6
cod,1995,81608
cod,1996,63261.3
cod,1997,58314.7
cod,1998,66608
cod,1999,50887.2
cod,2000,63695.2
cod,2001,58373.7
cod,2002,65881.7
cod,2003,52897.5
cod,2004,63674.2
cod,2005,57684.8
cod,2006,95370.3
cod,2007,189678
cod,2008,69445.7
cod,2009,69790.8
cod,2010,73858.9
cod,2011,74597.489
cod,2012,75336.078
cog,1970,6677.41
cog,1971,4170.6
cog,1972,4471.89
cog,1973,5250.01
cog,1974,5067.27
cog,1975,5372.71
cog,1976,4959.69
cog,1977,5144.37
cog,1978,5300.64
cog,1979,6602.25
cog,1980,5693.92
cog,1981,5177.74
cog,1982,5748.04
cog,1983,5769.38
cog,1984,4812.65
cog,1985,4937.77
cog,1986,4918.03
cog,1987,6310.09
cog,1988,5044.82
cog,1989,5618.95
cog,1990,7194.2
cog,1991,6184.21
cog,1992,8773.24
cog,1993,5686.06
cog,1994,6307.16
cog,1995,6688.78
cog,1996,6418.21
cog,1997,6504.94
cog,1998,6793.18
cog,1999,6206.47
cog,2000,8049.6
cog,2001,9139.07
cog,2002,6029.82
cog,2003,6569.63
cog,2004,7337.06
cog,2005,7691.02
cog,2006,6577.9
cog,2007,8726.67
cog,2008,6662.52
cog,2009,7632.76
cog,2010,7015.87
cog,2011,7086.0287
cog,2012,7156.1874
col,1970,36921
col,1971,36570
col,1972,38180.4
col,1973,38096.9
col,1974,39796.1
col,1975,41515.7
col,1976,43123.9
col,1977,42801.1
col,1978,44897.1
col,1979,45127.8
col,1980,45210.4
col,1981,45467.5
col,1982,46501
col,1983,45930
col,1984,43830.8
col,1985,44295.3
col,1986,45353.3
col,1987,47576.8
col,1988,47425
col,1989,48818.6
col,1990,50252.4
col,1991,49461.3
col,1992,50728.2
col,1993,52097.2
col,1994,50995.5
col,1995,52588.7
col,1996,53947
col,1997,54285.8
col,1998,54309.2
col,1999,52083.4
col,2000,55118.5
col,2001,54537.8
col,2002,55418.2
col,2003,56243.4
col,2004,57499.5
col,2005,57745.4
col,2006,59691.2
col,2007,61599.7
col,2008,63054
col,2009,67210
col,2010,66646
col,2011,67312.46
col,2012,67978.92
com,1970,142.057
com,1971,142.849
com,1972,144.724
com,1973,147.313
com,1974,150.176
com,1975,152.877
com,1976,159.371
com,1977,162.331
com,1978,165.655
com,1979,170.022
com,1980,170.179
com,1981,170.336
com,1982,169.795
com,1983,168.524
com,1984,172.068
com,1985,170.201
com,1986,170.872
com,1987,170.92
com,1988,174.754
com,1989,179.793
com,1990,181.068
com,1991,184.723
com,1992,189.467
com,1993,193.352
com,1994,198.379
com,1995,203.41
com,1996,208.382
com,1997,212.202
com,1998,218.516
com,1999,225.634
com,2000,223.896
com,2001,231.328
com,2002,237.322
com,2003,235.417
com,2004,240.104
com,2005,245.037
com,2006,251.857
com,2007,255.213
com,2008,260.502
com,2009,276.714
com,2010,278.231
com,2011,281.01331
com,2012,283.79562
cpv,1970,45.8144
cpv,1971,45.0365
cpv,1972,47.2747
cpv,1973,45.9685
cpv,1974,45.1301
cpv,1975,45.1332
cpv,1976,46.6151
cpv,1977,47.8873
cpv,1978,49.724
cpv,1979,51.5931
cpv,1980,53.9507
cpv,1981,55.7915
cpv,1982,58.8978
cpv,1983,54.5491
cpv,1984,55.0535
cpv,1985,58.7487
cpv,1986,63.0441
cpv,1987,67.9102
cpv,1988,75.7627
cpv,1989,80.2449
cpv,1990,83.2303
cpv,1991,86.7776
cpv,1992,96.8397
cpv,1993,99.3156
cpv,1994,95.4609
cpv,1995,103.164
cpv,1996,96.5254
cpv,1997,101.509
cpv,1998,108.039
cpv,1999,110.689
cpv,2000,110.729
cpv,2001,114.009
cpv,2002,116.837
cpv,2003,121.228
cpv,2004,125.179
cpv,2005,128.311
cpv,2006,131.823
cpv,2007,135.212
cpv,2008,138.742
cpv,2009,143.475
cpv,2010,148.516
cpv,2011,150.00116
cpv,2012,151.48632
cri,1970,2598.51
cri,1971,2675.06
cri,1972,2774.89
cri,1973,3053.13
cri,1974,3097.96
cri,1975,3190.4
cri,1976,3219.14
cri,1977,3292.59
cri,1978,3418.32
cri,1979,3567.13
cri,1980,3589.08
cri,1981,3769.43
cri,1982,3793.09
cri,1983,3871.56
cri,1984,3998.16
cri,1985,3868.56
cri,1986,3840.69
cri,1987,3828.49
cri,1988,3749.32
cri,1989,3663.94
cri,1990,3768.53
cri,1991,3757.12
cri,1992,3725.6
cri,1993,3612.41
cri,1994,3343.05
cri,1995,3051.81
cri,1996,3049.7
cri,1997,2982.19
cri,1998,3048.23
cri,1999,2951.05
cri,2000,2916.91
cri,2001,2848.72
cri,2002,2767.41
cri,2003,2729.54
cri,2004,2682.46
cri,2005,2434.86
cri,2006,2344.76
cri,2007,2254.63
cri,2008,2167.74
cri,2009,2249.18
cri,2010,2269.13
cri,2011,2291.8213
cri,2012,2314.5126
cub,1970,13600.2
cub,1971,12188
cub,1972,11819.9
cub,1973,12364.4
cub,1974,12267.6
cub,1975,12109.8
cub,1976,12059.3
cub,1977,11978.1
cub,1978,12090.1
cub,1979,12240.3
cub,1980,11860.2
cub,1981,11652
cub,1982,12151
cub,1983,11838.9
cub,1984,12140.8
cub,1985,11966.6
cub,1986,12043.1
cub,1987,11949.2
cub,1988,11988.8
cub,1989,12302.8
cub,1990,12062.1
cub,1991,11973.6
cub,1992,11676.1
cub,1993,10526.2
cub,1994,10974.8
cub,1995,10418.5
cub,1996,11183.7
cub,1997,10960.8
cub,1998,10597.6
cub,1999,10507.8
cub,2000,10561
cub,2001,10205
cub,2002,10516.8
cub,2003,10161.6
cub,2004,9916.92
cub,2005,9274.16
cub,2006,8880.39
cub,2007,8605.03
cub,2008,8411.36
cub,2009,8564.51
cub,2010,8392.08
cub,2011,8476.0008
cub,2012,8559.9216
cym,1970,12.2052
cym,1971,12.5119
cym,1972,12.8929
cym,1973,13.3732
cym,1974,13.7552
cym,1975,14.2026
cym,1976,14.6307
cym,1977,15.4674
cym,1978,15.6787
cym,1979,16.0605
cym,1980,16.7495
cym,1981,17.5631
cym,1982,18.1124
cym,1983,22.0187
cym,1984,14.9408
cym,1985,14.8227
cym,1986,15.2839
cym,1987,15.5447
cym,1988,16.106
cym,1989,16.5162
cym,1990,17.5904
cym,1991,17.7291
cym,1992,18.2246
cym,1993,18.658
cym,1994,19.3206
cym,1995,19.8684
cym,1996,20.3431
cym,1997,20.6478
cym,1998,21.1306
cym,1999,21.7186
cym,2000,22.2267
cym,2001,22.6983
cym,2002,23.1942
cym,2003,23.6308
cym,2004,24.1004
cym,2005,24.5612
cym,2006,25.1067
cym,2007,25.8743
cym,2008,26.7298
cym,2009,27.2527
cym,2010,28.1596
cym,2011,28.4412
cym,2012,28.72279
cyp,1970,340.552
cyp,1971,345.815
cyp,1972,356.637
cyp,1973,365.062
cyp,1974,344.135
cyp,1975,252.722
cyp,1976,262.615
cyp,1977,281.375
cyp,1978,298.266
cyp,1979,302.542
cyp,1980,311.099
cyp,1981,321.55
cyp,1982,335.2
cyp,1983,351.207
cyp,1984,370.416
cyp,1985,384.319
cyp,1986,390.326
cyp,1987,403.436
cyp,1988,414.707
cyp,1989,424.875
cyp,1990,440.832
cyp,1991,456.949
cyp,1992,466.188
cyp,1993,484.35
cyp,1994,516.362
cyp,1995,523.483
cyp,1996,539.594
cyp,1997,553.73
cyp,1998,561.923
cyp,1999,563.91
cyp,2000,568.197
cyp,2001,584.682
cyp,2002,611.301
cyp,2003,626.972
cyp,2004,624.11
cyp,2005,617.519
cyp,2006,615.024
cyp,2007,615.067
cyp,2008,613.006
cyp,2009,620.403
cyp,2010,620.073
cyp,2011,631.40621
cyp,2012,642.40942
cze,1970,17963.3
cze,1971,18130.6
cze,1972,18186.7
cze,1973,18136
cze,1974,18286.8
cze,1975,18730.6
cze,1976,18950.7
cze,1977,19714.1
cze,1978,19531.2
cze,1979,20289.3
cze,1980,19741.9
cze,1981,19844.8
cze,1982,19879.4
cze,1983,20133.4
cze,1984,20172.9
cze,1985,20123.9
cze,1986,19966.4
cze,1987,19912.5
cze,1988,19784.2
cze,1989,19253.5
cze,1990,18247.2
cze,1991,17039.2
cze,1992,15040.8
cze,1993,13458.3
cze,1994,12315.5
cze,1995,11643.6
cze,1996,12822.7
cze,1997,12637.7
cze,1998,11965.5
cze,1999,11590.4
cze,2000,12956.9
cze,2001,12952.2
cze,2002,12555.4
cze,2003,12443.7
cze,2004,12352.3
cze,2005,12053.9
cze,2006,12005.9
cze,2007,12055.6
cze,2008,11869.2
cze,2009,11774.6
cze,2010,12033.4
cze,2011,11838.24326
cze,2012,11901.93351
deu,1970,126692
deu,1971,126062
deu,1972,123793
deu,1973,123653
deu,1974,124958
deu,1975,124222
deu,1976,124404
deu,1977,123449
deu,1978,124900
deu,1979,127933
deu,1980,129036
deu,1981,129034
deu,1982,127657
deu,1983,124594
deu,1984,123918
deu,1985,125879
deu,1986,124223
deu,1987,120704
deu,1988,117933
deu,1989,117394
deu,1990,115486
deu,1991,109165
deu,1992,102501
deu,1993,97864.8
deu,1994,94533.2
deu,1995,92567.9
deu,1996,89067.1
deu,1997,86764
deu,1998,83020.1
deu,1999,80165.7
deu,2000,76208.1
deu,2001,72517
deu,2002,68773.2
deu,2003,66316.7
deu,2004,63719.1
deu,2005,61764
deu,2006,60063.7
deu,2007,59594.5
deu,2008,57668.8
deu,2009,58669.3
deu,2010,57229.7
deu,2011,57212.63424
deu,2012,55720.81848
dji,1970,148.642
dji,1971,155.165
dji,1972,159.981
dji,1973,163.773
dji,1974,173.233
dji,1975,186.887
dji,1976,193.07
dji,1977,218.983
dji,1978,232.975
dji,1979,239.784
dji,1980,257.533
dji,1981,256.171
dji,1982,258.923
dji,1983,280.622
dji,1984,296.6
dji,1985,315.749
dji,1986,330.271
dji,1987,351.946
dji,1988,376.124
dji,1989,397.827
dji,1990,417.598
dji,1991,426.421
dji,1992,432.697
dji,1993,444.674
dji,1994,461.055
dji,1995,489.385
dji,1996,510.57
dji,1997,520.461
dji,1998,533.015
dji,1999,553.419
dji,2000,560.647
dji,2001,568.698
dji,2002,572.888
dji,2003,578.238
dji,2004,585.847
dji,2005,590.597
dji,2006,596.296
dji,2007,602.611
dji,2008,608.952
dji,2009,615.884
dji,2010,621.61
dji,2011,627.8261
dji,2012,634.0422
dma,1970,16.2738
dma,1971,17.1469
dma,1972,18.046
dma,1973,18.9914
dma,1974,19.8922
dma,1975,20.9309
dma,1976,21.8781
dma,1977,22.9269
dma,1978,23.9192
dma,1979,25.0285
dma,1980,25.8995
dma,1981,26.5459
dma,1982,27.1902
dma,1983,27.7078
dma,1984,28.4128
dma,1985,29.5943
dma,1986,30.9585
dma,1987,34.3199
dma,1988,34.8625
dma,1989,36.698
dma,1990,36.3508
dma,1991,36.3629
dma,1992,36.5863
dma,1993,36.7972
dma,1994,37.0278
dma,1995,37.2943
dma,1996,37.4822
dma,1997,37.6209
dma,1998,37.801
dma,1999,38.0761
dma,2000,38.1384
dma,2001,38.3377
dma,2002,38.4424
dma,2003,38.4745
dma,2004,38.5698
dma,2005,38.6835
dma,2006,38.8951
dma,2007,39.1296
dma,2008,39.3035
dma,2009,39.566
dma,2010,39.8197
dma,2011,40.2179
dma,2012,40.61609
dnk,1970,7692.19
dnk,1971,7555.14
dnk,1972,7773.13
dnk,1973,7933.7
dnk,1974,8031.41
dnk,1975,7998.71
dnk,1976,8078.4
dnk,1977,8157.62
dnk,1978,8329.16
dnk,1979,8395.68
dnk,1980,8432.2
dnk,1981,8374.61
dnk,1982,8289.46
dnk,1983,8316.83
dnk,1984,8146.9
dnk,1985,8099.07
dnk,1986,8052.36
dnk,1987,7980.61
dnk,1988,7823.31
dnk,1989,7878.97
dnk,1990,7981.26
dnk,1991,8132.72
dnk,1992,8183.57
dnk,1993,8329.16
dnk,1994,8199.82
dnk,1995,8201.11
dnk,1996,8204.4
dnk,1997,8267.02
dnk,1998,8235.8
dnk,1999,8068.54
dnk,2000,8129.1
dnk,2001,8257.54
dnk,2002,8107.79
dnk,2003,8054.53
dnk,2004,7963.01
dnk,2005,7956.82
dnk,2006,7845.84
dnk,2007,7816.61
dnk,2008,7863.95
dnk,2009,7659.64
dnk,2010,7763
dnk,2011,7633.26846
dnk,2012,7602.60792
dom,1970,3786.76
dom,1971,4018.51
dom,1972,4060.01
dom,1973,4162.09
dom,1974,4622.75
dom,1975,4934.42
dom,1976,5298.7
dom,1977,5302.72
dom,1978,5118.49
dom,1979,5354.87
dom,1980,5398.54
dom,1981,5224.86
dom,1982,5498.03
dom,1983,5775.23
dom,1984,5813.79
dom,1985,5750.56
dom,1986,5739.94
dom,1987,5793.44
dom,1988,5818.83
dom,1989,6053.58
dom,1990,6003.02
dom,1991,6270.91
dom,1992,7003.66
dom,1993,6815.3
dom,1994,6718.43
dom,1995,6761.38
dom,1996,6970.82
dom,1997,6948.17
dom,1998,6956.29
dom,1999,6222.55
dom,2000,6236.76
dom,2001,6586.18
dom,2002,6719.89
dom,2003,6640.31
dom,2004,6721.98
dom,2005,6692.43
dom,2006,6742.77
dom,2007,6724.89
dom,2008,6730.43
dom,2009,6954.39
dom,2010,6726.43
dom,2011,6793.6943
dom,2012,6860.9586
dza,1970,12857.3
dza,1971,14377.5
dza,1972,19904.8
dza,1973,24846.1
dza,1974,21588.9
dza,1975,19911.9
dza,1976,24080.3
dza,1977,25792.7
dza,1978,27812.3
dza,1979,27825.7
dza,1980,26045.5
dza,1981,23623.7
dza,1982,23034.4
dza,1983,25512
dza,1984,27222.8
dza,1985,31516.3
dza,1986,31152.2
dza,1987,31458
dza,1988,31566.2
dza,1989,33252.3
dza,1990,32299.4
dza,1991,33404.8
dza,1992,37487.3
dza,1993,37397
dza,1994,36376.5
dza,1995,39603
dza,1996,40620.6
dza,1997,41836.6
dza,1998,42815.6
dza,1999,45719.1
dza,2000,45052.6
dza,2001,42262.7
dza,2002,42247.1
dza,2003,45121.9
dza,2004,44789.9
dza,2005,46737.3
dza,2006,47475.3
dza,2007,46547.4
dza,2008,47436.8
dza,2009,47045.8
dza,2010,47575.5
dza,2011,48051.255
dza,2012,48527.01
ecu,1970,6620.78
ecu,1971,6037.87
ecu,1972,6344.84
ecu,1973,6577.43
ecu,1974,6776.46
ecu,1975,7028.11
ecu,1976,7224.9
ecu,1977,7146.96
ecu,1978,7052.69
ecu,1979,7535.49
ecu,1980,7814.75
ecu,1981,7974.96
ecu,1982,8150.66
ecu,1983,8055.99
ecu,1984,8898.16
ecu,1985,9307.02
ecu,1986,10040.6
ecu,1987,9885.96
ecu,1988,10758.3
ecu,1989,10940.3
ecu,1990,10987.2
ecu,1991,11385.6
ecu,1992,11984.8
ecu,1993,12625.4
ecu,1994,13789.4
ecu,1995,14257.7
ecu,1996,14535.6
ecu,1997,13883.5
ecu,1998,13643.3
ecu,1999,13615.4
ecu,2000,12850.3
ecu,2001,13291.9
ecu,2002,12961.8
ecu,2003,14226.8
ecu,2004,15334.9
ecu,2005,15134.3
ecu,2006,15134.6
ecu,2007,14932.4
ecu,2008,14780
ecu,2009,15488.9
ecu,2010,15476.8
ecu,2011,15631.568
ecu,2012,15786.336
egy,1970,20777.6
egy,1971,20622.6
egy,1972,20403.8
egy,1973,19836.8
egy,1974,20781.7
egy,1975,20993.1
egy,1976,21592.5
egy,1977,21185.7
egy,1978,21391.4
egy,1979,21161.2
egy,1980,20803.5
egy,1981,21127.1
egy,1982,21802
egy,1983,22093.3
egy,1984,22821.1
egy,1985,23176.1
egy,1986,23765.7
egy,1987,24594.9
egy,1988,24796.3
egy,1989,26028.4
egy,1990,26993.4
egy,1991,28154.1
egy,1992,29170
egy,1993,30346.4
egy,1994,30731.9
egy,1995,31508.1
egy,1996,31851.3
egy,1997,32661.9
egy,1998,31934
egy,1999,34649
egy,2000,35956.5
egy,2001,36709
egy,2002,39558.3
egy,2003,41953.9
egy,2004,43511
egy,2005,47959.3
egy,2006,49735.3
egy,2007,50232.2
egy,2008,52003.1
egy,2009,50895.5
egy,2010,50957.6
egy,2011,51467.176
egy,2012,51976.752
eri,1970,1796.57
eri,1971,1810.77
eri,1972,1784.92
eri,1973,1814.46
eri,1974,1791.44
eri,1975,1754.83
eri,1976,1755.5
eri,1977,1785.92
eri,1978,1795.87
eri,1979,1816.07
eri,1980,1848.51
eri,1981,1841.86
eri,1982,1861.05
eri,1983,1902.33
eri,1984,1860.52
eri,1985,1913.81
eri,1986,1980.79
eri,1987,1942.33
eri,1988,1955.88
eri,1989,2031.8
eri,1990,2070.55
eri,1991,2084.1
eri,1992,2168.5
eri,1993,1926.18
eri,1994,1961.89
eri,1995,2012.04
eri,1996,2237.48
eri,1997,2496.91
eri,1998,2537.6
eri,1999,2654.75
eri,2000,2682.25
eri,2001,2554.21
eri,2002,2412.44
eri,2003,2464.94
eri,2004,2578.31
eri,2005,2613.57
eri,2006,2677.62
eri,2007,2775.95
eri,2008,2774.5
eri,2009,2802.03
eri,2010,2837
eri,2011,2865.37
eri,2012,2893.74
esp,1970,26508.8
esp,1971,25897.9
esp,1972,26636.8
esp,1973,25991
esp,1974,25664
esp,1975,25323.4
esp,1976,25559.2
esp,1977,26291.5
esp,1978,26342.9
esp,1979,26106.5
esp,1980,26819.3
esp,1981,27676
esp,1982,29071.3
esp,1983,29542
esp,1984,29314.5
esp,1985,29739.7
esp,1986,30731.4
esp,1987,29762.4
esp,1988,31891.1
esp,1989,32660.1
esp,1990,32809
esp,1991,32752.5
esp,1992,32800.6
esp,1993,32388
esp,1994,32813.1
esp,1995,32669.6
esp,1996,32780.8
esp,1997,34068.4
esp,1998,34447.1
esp,1999,34519.9
esp,2000,35113.6
esp,2001,35629.3
esp,2002,36121.5
esp,2003,35996.6
esp,2004,36127.1
esp,2005,36314.9
esp,2006,36073.1
esp,2007,36302.2
esp,2008,36484.2
esp,2009,36836
esp,2010,36823.6
esp,2011,37064.10279
esp,2012,37208.10558
est,1970,2208.43
est,1971,2283.82
est,1972,2365.97
est,1973,2421.3
est,1974,2489.17
est,1975,2535.43
est,1976,2552.23
est,1977,2580.52
est,1978,2615.42
est,1979,2635.75
est,1980,2648.89
est,1981,2627.89
est,1982,2659.51
est,1983,2711.77
est,1984,2738.41
est,1985,2774.48
est,1986,2815.15
est,1987,2861.05
est,1988,3057.94
est,1989,3263.45
est,1990,3407.55
est,1991,3265.54
est,1992,2876.06
est,1993,2386.58
est,1994,2209.61
est,1995,2109.85
est,1996,2232.42
est,1997,2253.59
est,1998,2172.74
est,1999,2083.91
est,2000,2136.19
est,2001,2156.4
est,2002,2085.12
est,2003,2187.09
est,2004,2256.76
est,2005,2212.28
est,2006,2221.86
est,2007,2253.78
est,2008,2251.95
est,2009,2230.35
est,2010,2321.56
est,2011,2232.61261
est,2012,2234.87823
eth,1970,32686.9
eth,1971,32675.7
eth,1972,32241.9
eth,1973,33044.6
eth,1974,31293.7
eth,1975,30902.6
eth,1976,31087.9
eth,1977,32605.2
eth,1978,31775
eth,1979,32663.9
eth,1980,34455.6
eth,1981,33129
eth,1982,34522.4
eth,1983,34734.9
eth,1984,33937.5
eth,1985,34494.3
eth,1986,36199.1
eth,1987,35129.1
eth,1988,34916.3
eth,1989,37158.8
eth,1990,39981.3
eth,1991,38988.6
eth,1992,41972.3
eth,1993,40207
eth,1994,40452.1
eth,1995,41854
eth,1996,43071.1
eth,1997,44544.9
eth,1998,46980.3
eth,1999,48255.8
eth,2000,46191.8
eth,2001,46830.3
eth,2002,52417.6
eth,2003,50938.2
eth,2004,50999
eth,2005,52959.6
eth,2006,58429.7
eth,2007,58801.7
eth,2008,60262.2
eth,2009,62142.6
eth,2010,63216.7
eth,2011,63848.867
eth,2012,64481.034
fin,1970,9972.17
fin,1971,9883.27
fin,1972,9967.34
fin,1973,10030.6
fin,1974,9998.34
fin,1975,9400.54
fin,1976,9491.59
fin,1977,9491.74
fin,1978,9649.37
fin,1979,9846.2
fin,1980,10047.3
fin,1981,10120.8
fin,1982,9917.73
fin,1983,9916.79
fin,1984,9154.3
fin,1985,9319.11
fin,1986,9348.62
fin,1987,9395.54
fin,1988,9466.84
fin,1989,9673.87
fin,1990,10068.6
fin,1991,9800.66
fin,1992,9699.45
fin,1993,9841.08
fin,1994,10135.9
fin,1995,10203
fin,1996,9998.77
fin,1997,10153.1
fin,1998,10373.8
fin,1999,10300.5
fin,2000,10342.7
fin,2001,10263.4
fin,2002,9912.66
fin,2003,10028.9
fin,2004,10082.1
fin,2005,9759.9
fin,2006,9802.92
fin,2007,9668.94
fin,2008,9516.14
fin,2009,8507.66
fin,2010,8895.55
fin,2011,8548.18961
fin,2012,8551.56323
fji,1970,416.296
fji,1971,407.265
fji,1972,410.592
fji,1973,417.714
fji,1974,437.426
fji,1975,460.217
fji,1976,455.156
fji,1977,474.29
fji,1978,466.818
fji,1979,506.212
fji,1980,514.002
fji,1981,523.406
fji,1982,538.16
fji,1983,527.67
fji,1984,563.172
fji,1985,577.159
fji,1986,600.831
fji,1987,607.871
fji,1988,620.107
fji,1989,631.405
fji,1990,635.201
fji,1991,646.859
fji,1992,650.755
fji,1993,688.064
fji,1994,711.017
fji,1995,734.493
fji,1996,733.788
fji,1997,729.066
fji,1998,717.331
fji,1999,705.884
fji,2000,704.812
fji,2001,717.243
fji,2002,696.958
fji,2003,688.843
fji,2004,692.606
fji,2005,696.368
fji,2006,699.988
fji,2007,703.696
fji,2008,707.061
fji,2009,704.557
fji,2010,700.595
fji,2011,707.60095
fji,2012,714.6069
fra,1970,82882.3
fra,1971,81631
fra,1972,81040.2
fra,1973,80800.2
fra,1974,81091
fra,1975,82850.4
fra,1976,85288.4
fra,1977,88464.6
fra,1978,89070.8
fra,1979,90031
fra,1980,88254.2
fra,1981,85724.6
fra,1982,82762.7
fra,1983,82999.7
fra,1984,83127.7
fra,1985,81819.2
fra,1986,80685.6
fra,1987,78600.8
fra,1988,75699.9
fra,1989,75519.1
fra,1990,75749.5
fra,1991,76743.8
fra,1992,75582.1
fra,1993,74425.3
fra,1994,73754.6
fra,1995,74225
fra,1996,89094.1
fra,1997,87244.1
fra,1998,86242.5
fra,1999,86240.1
fra,2000,85646.7
fra,2001,85318.1
fra,2002,83934.8
fra,2003,83341.7
fra,2004,82963.7
fra,2005,82911.6
fra,2006,83231.6
fra,2007,83077.9
fra,2008,82892.6
fra,2009,83638.8
fra,2010,83756.9
fra,2011,82447.18675
fra,2012,81178.5035
fro,1970,30.1762
fro,1971,29.6537
fro,1972,30.158
fro,1973,30.1951
fro,1974,30.2513
fro,1975,30.1776
fro,1976,30.9317
fro,1977,31.0588
fro,1978,30.9315
fro,1979,30.6081
fro,1980,30.7001
fro,1981,30.6593
fro,1982,30.6791
fro,1983,30.9756
fro,1984,31.1521
fro,1985,31.2142
fro,1986,31.3841
fro,1987,31.8741
fro,1988,32.2843
fro,1989,32.6563
fro,1990,33.1291
fro,1991,33.5249
fro,1992,33.9007
fro,1993,34.2361
fro,1994,34.4653
fro,1995,34.6663
fro,1996,34.8553
fro,1997,35.0364
fro,1998,35.2059
fro,1999,35.3786
fro,2000,35.553
fro,2001,35.7164
fro,2002,35.8831
fro,2003,36.0519
fro,2004,36.2262
fro,2005,36.4144
fro,2006,36.644
fro,2007,36.9227
fro,2008,37.239
fro,2009,37.5735
fro,2010,37.941
fro,2011,38.32041
fro,2012,38.69982
fsm,1970,16.6181
fsm,1971,17.9472
fsm,1972,19.4572
fsm,1973,18.2786
fsm,1974,17.3017
fsm,1975,16.3163
fsm,1976,11.0427
fsm,1977,13.6122
fsm,1978,13.6746
fsm,1979,13.8813
fsm,1980,14.0996
fsm,1981,16.8709
fsm,1982,16.9776
fsm,1983,17.0874
fsm,1984,17.2081
fsm,1985,17.7563
fsm,1986,18.5634
fsm,1987,19.2754
fsm,1988,19.896
fsm,1989,20.5338
fsm,1990,21.1901
fsm,1991,21.8691
fsm,1992,22.5776
fsm,1993,23.2696
fsm,1994,23.565
fsm,1995,27.1545
fsm,1996,27.3877
fsm,1997,27.5759
fsm,1998,27.6765
fsm,1999,27.7621
fsm,2000,27.8322
fsm,2001,27.9822
fsm,2002,28.1382
fsm,2003,28.3019
fsm,2004,28.4973
fsm,2005,28.646
fsm,2006,28.811
fsm,2007,29.0178
fsm,2008,29.254
fsm,2009,29.6316
fsm,2010,29.7743
fsm,2011,30.07204
fsm,2012,30.36979
gab,1970,876.139
gab,1971,893.196
gab,1972,974.409
gab,1973,2131.75
gab,1974,2283.72
gab,1975,2645.96
gab,1976,2748.79
gab,1977,2735.11
gab,1978,2759.99
gab,1979,2980.14
gab,1980,2789.36
gab,1981,2733.04
gab,1982,2735.56
gab,1983,2513.81
gab,1984,2930.76
gab,1985,3293.63
gab,1986,2553.68
gab,1987,2428.13
gab,1988,2384.81
gab,1989,3156.11
gab,1990,3478.5
gab,1991,3350.19
gab,1992,3687.44
gab,1993,3539.6
gab,1994,3636.06
gab,1995,3983.63
gab,1996,4245.68
gab,1997,4048.04
gab,1998,4683.56
gab,1999,4202.04
gab,2000,4082.01
gab,2001,4526.54
gab,2002,4155.5
gab,2003,4542.76
gab,2004,4451.39
gab,2005,4297.98
gab,2006,3525.15
gab,2007,3158.59
gab,2008,5247.7
gab,2009,3467.78
gab,2010,3817.58
gab,2011,3855.7558
gab,2012,3893.9316
gbr,1970,120054
gbr,1971,120807
gbr,1972,115968
gbr,1973,121539
gbr,1974,118600
gbr,1975,121882
gbr,1976,121244
gbr,1977,120231
gbr,1978,121261
gbr,1979,125000
gbr,1980,124198
gbr,1981,123996
gbr,1982,123886
gbr,1983,123869
gbr,1984,107350
gbr,1985,117167
gbr,1986,122369
gbr,1987,120732
gbr,1988,120286
gbr,1989,118484
gbr,1990,117496
gbr,1991,117228
gbr,1992,113254
gbr,1993,109061
gbr,1994,104099
gbr,1995,104042
gbr,1996,103571
gbr,1997,99823.3
gbr,1998,95210.7
gbr,1999,90860.1
gbr,2000,86355.4
gbr,2001,79457.3
gbr,2002,75188.1
gbr,2003,70993.1
gbr,2004,67625.8
gbr,2005,64805.1
gbr,2006,63013.5
gbr,2007,61771
gbr,2008,61175.8
gbr,2009,60726.9
gbr,2010,61177.1
gbr,2011,59856.64561
gbr,2012,58980.03122
geo,1970,3492.82
geo,1971,3625.43
geo,1972,3764.91
geo,1973,3851.98
geo,1974,3950.03
geo,1975,4032.02
geo,1976,4052.83
geo,1977,4049.71
geo,1978,4025.5
geo,1979,4014.53
geo,1980,3983.31
geo,1981,3959.4
geo,1982,3891.84
geo,1983,3850.75
geo,1984,3929.11
geo,1985,3946.13
geo,1986,3981.58
geo,1987,4043.01
geo,1988,5085.16
geo,1989,5093.61
geo,1990,5035.23
geo,1991,4850.64
geo,1992,4841.69
geo,1993,4637.55
geo,1994,3986.66
geo,1995,4116.25
geo,1996,4362.7
geo,1997,4080.54
geo,1998,4085.33
geo,1999,4046.44
geo,2000,4137.41
geo,2001,4185.87
geo,2002,4210.1
geo,2003,4269.92
geo,2004,4329.9
geo,2005,4413.11
geo,2006,4527.67
geo,2007,4653.34
geo,2008,4708.22
geo,2009,4821.49
geo,2010,4862.59
geo,2011,4940.89205
geo,2012,5019.19209
gha,1970,5230.4
gha,1971,5187.34
gha,1972,5279.6
gha,1973,5558.44
gha,1974,4992.67
gha,1975,5253.06
gha,1976,5376.87
gha,1977,6142.92
gha,1978,5548.67
gha,1979,5795.62
gha,1980,6672.43
gha,1981,6063.42
gha,1982,6564.76
gha,1983,6334.09
gha,1984,6535.96
gha,1985,6271.29
gha,1986,6420.18
gha,1987,6733.1
gha,1988,6493.72
gha,1989,7052.09
gha,1990,7924.72
gha,1991,7114.7
gha,1992,8050.4
gha,1993,8086.01
gha,1994,8381.36
gha,1995,8983.21
gha,1996,9083.59
gha,1997,9326.67
gha,1998,9041.54
gha,1999,8655.3
gha,2000,9627.91
gha,2001,9748.84
gha,2002,9243.07
gha,2003,9140.1
gha,2004,8786.07
gha,2005,9975.34
gha,2006,11069
gha,2007,16676.1
gha,2008,22497.5
gha,2009,20037
gha,2010,20664.5
gha,2011,20871.145
gha,2012,21077.79
gib,1970,3.36314
gib,1971,3.41448
gib,1972,3.42077
gib,1973,3.5062
gib,1974,3.5324
gib,1975,3.61845
gib,1976,3.63696
gib,1977,3.70498
gib,1978,3.75944
gib,1979,3.8752
gib,1980,3.94072
gib,1981,3.97787
gib,1982,4.02762
gib,1983,4.05508
gib,1984,4.09401
gib,1985,4.18417
gib,1986,4.24877
gib,1987,4.30727
gib,1988,4.71477
gib,1989,4.78627
gib,1990,4.88389
gib,1991,5.02328
gib,1992,5.25167
gib,1993,5.31216
gib,1994,5.43133
gib,1995,5.47264
gib,1996,5.51471
gib,1997,5.58602
gib,1998,5.659
gib,1999,5.72702
gib,2000,5.7897
gib,2001,5.82586
gib,2002,5.83843
gib,2003,5.87704
gib,2004,5.872
gib,2005,5.87459
gib,2006,5.96599
gib,2007,6.09866
gib,2008,6.17776
gib,2009,6.31274
gib,2010,6.47457
gib,2011,6.53932
gib,2012,6.60406
gin,1970,7147.71
gin,1971,6991.35
gin,1972,6909.24
gin,1973,7545.8
gin,1974,6327.76
gin,1975,6694.09
gin,1976,6861.51
gin,1977,7691.88
gin,1978,6505.06
gin,1979,6848.76
gin,1980,8635.39
gin,1981,7478.98
gin,1982,8325.82
gin,1983,7847.74
gin,1984,7784.13
gin,1985,6929.78
gin,1986,6504.3
gin,1987,6721.07
gin,1988,6228.26
gin,1989,6903.73
gin,1990,8713.64
gin,1991,7040.38
gin,1992,7565.74
gin,1993,7211.25
gin,1994,7297.85
gin,1995,8398.94
gin,1996,8852.78
gin,1997,8327.05
gin,1998,8178.71
gin,1999,9487.69
gin,2000,8817.27
gin,2001,10259.4
gin,2002,10279.8
gin,2003,8858.55
gin,2004,9168.92
gin,2005,10108.6
gin,2006,20239.9
gin,2007,21987
gin,2008,33315.5
gin,2009,56318.7
gin,2010,28091.9
gin,2011,28372.819
gin,2012,28653.738
gmb,1970,494.789
gmb,1971,500.536
gmb,1972,486.46
gmb,1973,483.397
gmb,1974,472.675
gmb,1975,490.02
gmb,1976,500.263
gmb,1977,522.147
gmb,1978,510.763
gmb,1979,500.179
gmb,1980,554.842
gmb,1981,555.627
gmb,1982,576.55
gmb,1983,524.272
gmb,1984,506.078
gmb,1985,513.014
gmb,1986,536.255
gmb,1987,559.066
gmb,1988,572.194
gmb,1989,579.217
gmb,1990,614.322
gmb,1991,596.197
gmb,1992,620.796
gmb,1993,608.797
gmb,1994,629.967
gmb,1995,659.246
gmb,1996,662.956
gmb,1997,661.934
gmb,1998,656.411
gmb,1999,674.76
gmb,2000,721.813
gmb,2001,784.369
gmb,2002,789.694
gmb,2003,659.429
gmb,2004,734.488
gmb,2005,754.406
gmb,2006,765.623
gmb,2007,1043.62
gmb,2008,893.195
gmb,2009,963.673
gmb,2010,1018.9
gmb,2011,1029.089
gmb,2012,1039.278
gnb,1970,542.102
gnb,1971,539.584
gnb,1972,549.342
gnb,1973,583.198
gnb,1974,600.099
gnb,1975,720.948
gnb,1976,792.422
gnb,1977,788.891
gnb,1978,676.533
gnb,1979,698.646
gnb,1980,753.27
gnb,1981,824.797
gnb,1982,1059.35
gnb,1983,954.47
gnb,1984,880.304
gnb,1985,717.426
gnb,1986,710.623
gnb,1987,717.47
gnb,1988,713.535
gnb,1989,776.501
gnb,1990,861.628
gnb,1991,804.838
gnb,1992,864.545
gnb,1993,851.565
gnb,1994,864.296
gnb,1995,914.178
gnb,1996,904.561
gnb,1997,902.979
gnb,1998,951.383
gnb,1999,1034.28
gnb,2000,961.043
gnb,2001,1088.48
gnb,2002,1031.62
gnb,2003,977.131
gnb,2004,1058.66
gnb,2005,1067.62
gnb,2006,1199.36
gnb,2007,1266.32
gnb,2008,1218.46
gnb,2009,1219.27
gnb,2010,1392.82
gnb,2011,1406.7482
gnb,2012,1420.6764
gnq,1970,75.8031
gnq,1971,76.8138
gnq,1972,77.196
gnq,1973,77.9551
gnq,1974,79.0276
gnq,1975,80.6726
gnq,1976,82.3919
gnq,1977,84.3145
gnq,1978,85.9476
gnq,1979,87.8892
gnq,1980,89.8461
gnq,1981,91.5715
gnq,1982,93.7015
gnq,1983,96.1705
gnq,1984,98.0773
gnq,1985,100.349
gnq,1986,102.99
gnq,1987,104.78
gnq,1988,109.409
gnq,1989,113.225
gnq,1990,117.684
gnq,1991,272.009
gnq,1992,431.158
gnq,1993,589.569
gnq,1994,743.872
gnq,1995,788.354
gnq,1996,860.811
gnq,1997,1216.11
gnq,1998,1467.1
gnq,1999,1582.07
gnq,2000,1685.48
gnq,2001,2182.04
gnq,2002,1885.77
gnq,2003,1992.02
gnq,2004,2459.93
gnq,2005,2530.45
gnq,2006,2600.82
gnq,2007,2737.94
gnq,2008,2752.8
gnq,2009,2827.08
gnq,2010,2901.46
gnq,2011,2930.4746
gnq,2012,2959.4892
grc,1970,5871.84
grc,1971,5871.67
grc,1972,6037.88
grc,1973,6392.13
grc,1974,6819.69
grc,1975,6932.48
grc,1976,6974.06
grc,1977,6938.02
grc,1978,6808.49
grc,1979,6831.56
grc,1980,6802.82
grc,1981,6900.67
grc,1982,6831.37
grc,1983,6917.58
grc,1984,6899.45
grc,1985,7012.45
grc,1986,7092.87
grc,1987,7283.16
grc,1988,7422.27
grc,1989,7547.35
grc,1990,7734.43
grc,1991,7653.22
grc,1992,7504.27
grc,1993,7548.29
grc,1994,7684.58
grc,1995,7711.16
grc,1996,7807.91
grc,1997,7979.63
grc,1998,8166.56
grc,1999,7895.14
grc,2000,8099.65
grc,2001,8230.93
grc,2002,8161.68
grc,2003,8202.29
grc,2004,8257.96
grc,2005,8214.62
grc,2006,8274.23
grc,2007,8315.35
grc,2008,8212.55
grc,2009,8428.08
grc,2010,8416.51
grc,2011,8343.29006
grc,2012,8254.87012
grd,1970,25.4355
grd,1971,25.281
grd,1972,24.1249
grd,1973,24.7002
grd,1974,24.1327
grd,1975,23.7317
grd,1976,24.9455
grd,1977,26.0084
grd,1978,26.9725
grd,1979,26.6836
grd,1980,26.779
grd,1981,26.8063
grd,1982,26.6841
grd,1983,26.3365
grd,1984,25.7427
grd,1985,24.7482
grd,1986,24.2883
grd,1987,24.0408
grd,1988,23.9527
grd,1989,24.247
grd,1990,24.7507
grd,1991,25.1214
grd,1992,25.5177
grd,1993,25.8473
grd,1994,26.2511
grd,1995,26.5793
grd,1996,28.2216
grd,1997,28.7837
grd,1998,28.3198
grd,1999,29.6204
grd,2000,30.6928
grd,2001,31.2772
grd,2002,32.3986
grd,2003,32.9079
grd,2004,33.2486
grd,2005,33.8493
grd,2006,34.3655
grd,2007,34.6336
grd,2008,34.995
grd,2009,35.4705
grd,2010,35.9581
grd,2011,36.31768
grd,2012,36.67726
grl,1970,17.8173
grl,1971,18.463
grl,1972,19.202
grl,1973,17.2912
grl,1974,17.8602
grl,1975,18.1127
grl,1976,18.4659
grl,1977,17.9988
grl,1978,18.8802
grl,1979,19.3656
grl,1980,20.0199
grl,1981,20.8512
grl,1982,21.2497
grl,1983,21.3873
grl,1984,21.4782
grl,1985,21.7777
grl,1986,22.1029
grl,1987,22.4624
grl,1988,22.8303
grl,1989,23.2502
grl,1990,23.6707
grl,1991,24.077
grl,1992,24.5482
grl,1993,24.9097
grl,1994,25.2433
grl,1995,25.5508
grl,1996,25.8362
grl,1997,26.1022
grl,1998,26.3359
grl,1999,26.55
grl,2000,26.5386
grl,2001,26.716
grl,2002,26.6675
grl,2003,26.9025
grl,2004,27.0288
grl,2005,27.2057
grl,2006,27.3832
grl,2007,27.5719
grl,2008,27.7546
grl,2009,27.9375
grl,2010,28.1205
grl,2011,28.4017
grl,2012,28.68291
gtm,1970,3216.8
gtm,1971,3466.04
gtm,1972,3661.66
gtm,1973,3647.2
gtm,1974,3572.63
gtm,1975,3679.28
gtm,1976,3376.64
gtm,1977,3620.77
gtm,1978,3724.47
gtm,1979,4009.22
gtm,1980,4184.72
gtm,1981,4229.25
gtm,1982,4447.29
gtm,1983,4500.29
gtm,1984,4484.55
gtm,1985,4537.11
gtm,1986,4590.51
gtm,1987,4686.2
gtm,1988,4819.54
gtm,1989,4737.76
gtm,1990,4798.37
gtm,1991,5089.91
gtm,1992,5156.11
gtm,1993,5475.92
gtm,1994,5315.73
gtm,1995,5359.27
gtm,1996,5473.29
gtm,1997,5411.78
gtm,1998,20745.8
gtm,1999,6035.92
gtm,2000,19384.7
gtm,2001,6157.78
gtm,2002,7229.09
gtm,2003,12528.4
gtm,2004,6259.31
gtm,2005,8403.52
gtm,2006,6176.92
gtm,2007,6320.54
gtm,2008,6363.84
gtm,2009,6441.32
gtm,2010,6742.52
gtm,2011,6809.9452
gtm,2012,6877.3704
gum,1970,30.0712
gum,1971,28.8934
gum,1972,30.3225
gum,1973,31.7915
gum,1974,32.4329
gum,1975,34.1441
gum,1976,34.0384
gum,1977,35.8448
gum,1978,37.4172
gum,1979,38.9435
gum,1980,40.1023
gum,1981,41.4119
gum,1982,41.9906
gum,1983,43.1531
gum,1984,43.8917
gum,1985,44.5059
gum,1986,45.2793
gum,1987,46.2038
gum,1988,47.3548
gum,1989,45.8573
gum,1990,46.4886
gum,1991,47.6965
gum,1992,48.9552
gum,1993,50.2266
gum,1994,51.4761
gum,1995,52.6878
gum,1996,53.8501
gum,1997,55.0175
gum,1998,56.0646
gum,1999,57.189
gum,2000,58.318
gum,2001,59.4542
gum,2002,60.6005
gum,2003,61.6726
gum,2004,62.7558
gum,2005,63.8273
gum,2006,64.911
gum,2007,66.0797
gum,2008,67.3484
gum,2009,68.6719
gum,2010,70.0865
gum,2011,70.78736
gum,2012,71.48823
guy,1970,2066.49
guy,1971,1709.41
guy,1972,1636
guy,1973,1626.88
guy,1974,1890.27
guy,1975,2134.84
guy,1976,1889.43
guy,1977,1977.68
guy,1978,1903.38
guy,1979,1616.63
guy,1980,1710.78
guy,1981,1546.89
guy,1982,1653.79
guy,1983,1475.99
guy,1984,1401.22
guy,1985,1273.03
guy,1986,1367.86
guy,1987,1463.81
guy,1988,1293.35
guy,1989,1261.79
guy,1990,1256.15
guy,1991,1390.74
guy,1992,1580.36
guy,1993,1759.09
guy,1994,1446.42
guy,1995,1684.55
guy,1996,1677.45
guy,1997,1662.19
guy,1998,4210.27
guy,1999,1229.39
guy,2000,1079.4
guy,2001,1307.19
guy,2002,1234.65
guy,2003,1303.02
guy,2004,1328.64
guy,2005,1314.02
guy,2006,1164.88
guy,2007,1252.71
guy,2008,1377.05
guy,2009,14406.8
guy,2010,2082.36
guy,2011,2103.1836
guy,2012,2124.0072
hkg,1970,704.285
hkg,1971,724.166
hkg,1972,744.975
hkg,1973,769.781
hkg,1974,797.98
hkg,1975,821.258
hkg,1976,852.228
hkg,1977,888.196
hkg,1978,938.085
hkg,1979,967.867
hkg,1980,1006.69
hkg,1981,1047.08
hkg,1982,1089.19
hkg,1983,1111.64
hkg,1984,1164.09
hkg,1985,1206.06
hkg,1986,1265.65
hkg,1987,1302.2
hkg,1988,1378.46
hkg,1989,1465.83
hkg,1990,1532.05
hkg,1991,1593.63
hkg,1992,1639.86
hkg,1993,1720.01
hkg,1994,1885.16
hkg,1995,2101.75
hkg,1996,2311.17
hkg,1997,2517.45
hkg,1998,2612.69
hkg,1999,2639.52
hkg,2000,2694.52
hkg,2001,2705.4
hkg,2002,2730.45
hkg,2003,2758.53
hkg,2004,2791.73
hkg,2005,2825.07
hkg,2006,2871.43
hkg,2007,2921.37
hkg,2008,2976.81
hkg,2009,3033.28
hkg,2010,3085.69
hkg,2011,3116.5469
hkg,2012,3147.4038
hnd,1970,2551.85
hnd,1971,2655.29
hnd,1972,2699.14
hnd,1973,2733.96
hnd,1974,2976.65
hnd,1975,3044.4
hnd,1976,3001.62
hnd,1977,3140.44
hnd,1978,3161.65
hnd,1979,3431.3
hnd,1980,3375.71
hnd,1981,3294.97
hnd,1982,3667.04
hnd,1983,3885.86
hnd,1984,4133.64
hnd,1985,4113.13
hnd,1986,4128.43
hnd,1987,4177.2
hnd,1988,4126.5
hnd,1989,3948.09
hnd,1990,3971.38
hnd,1991,4227.9
hnd,1992,4030.18
hnd,1993,3928.06
hnd,1994,4160.61
hnd,1995,4029.31
hnd,1996,4169.24
hnd,1997,3951.16
hnd,1998,4004.87
hnd,1999,3254.56
hnd,2000,3446.92
hnd,2001,3598.96
hnd,2002,4179.87
hnd,2003,4782.54
hnd,2004,4898.77
hnd,2005,5221.15
hnd,2006,5181.01
hnd,2007,5312.21
hnd,2008,5415.81
hnd,2009,5653.59
hnd,2010,5729.65
hnd,2011,5786.9465
hnd,2012,5844.243
hrv,1970,2985.57
hrv,1971,3015.48
hrv,1972,3074.1
hrv,1973,3175.84
hrv,1974,3347.41
hrv,1975,3487.69
hrv,1976,3525.69
hrv,1977,3578.21
hrv,1978,3591.6
hrv,1979,3569.69
hrv,1980,3523.76
hrv,1981,3557.65
hrv,1982,3567.41
hrv,1983,3549.6
hrv,1984,3583.12
hrv,1985,3694.81
hrv,1986,3671.69
hrv,1987,3756.72
hrv,1988,3996.3
hrv,1989,4101.02
hrv,1990,4165.94
hrv,1991,4150.11
hrv,1992,4049.03
hrv,1993,4111.51
hrv,1994,3894.95
hrv,1995,3905.02
hrv,1996,3839.25
hrv,1997,3854.8
hrv,1998,3799.62
hrv,1999,3801.56
hrv,2000,3953.48
hrv,2001,4076.02
hrv,2002,4182.29
hrv,2003,4394.83
hrv,2004,4495.01
hrv,2005,4516.48
hrv,2006,4741.54
hrv,2007,4871.85
hrv,2008,4861.73
hrv,2009,4930.34
hrv,2010,5035.01
hrv,2011,4819.3651
hrv,2012,4708.3922
hti,1970,2955.91
hti,1971,3029.29
hti,1972,3122.43
hti,1973,3119.78
hti,1974,3117.32
hti,1975,3127.88
hti,1976,3167.3
hti,1977,3226.6
hti,1978,3370.17
hti,1979,3446.05
hti,1980,3587.52
hti,1981,3426.64
hti,1982,3522.42
hti,1983,3568.31
hti,1984,3610.73
hti,1985,3589.73
hti,1986,3342.43
hti,1987,3303.77
hti,1988,3312.7
hti,1989,3290.24
hti,1990,3307.79
hti,1991,3452.06
hti,1992,3663.09
hti,1993,3714.2
hti,1994,3744.12
hti,1995,3777.17
hti,1996,3890.28
hti,1997,3925.14
hti,1998,3976.77
hti,1999,4042.36
hti,2000,4132.52
hti,2001,4223.04
hti,2002,4165.97
hti,2003,4148.23
hti,2004,4174.05
hti,2005,4255.44
hti,2006,4317.27
hti,2007,4433.32
hti,2008,4492.07
hti,2009,4518.52
hti,2010,4497.27
hti,2011,4542.2427
hti,2012,4587.2154
hun,1970,10394.5
hun,1971,10612.2
hun,1972,10144.5
hun,1973,10522.2
hun,1974,11160.3
hun,1975,10801.8
hun,1976,10846.4
hun,1977,11163.9
hun,1978,11758.6
hun,1979,11900.6
hun,1980,12131.1
hun,1981,12161.2
hun,1982,11530.8
hun,1983,11576.8
hun,1984,11667.4
hun,1985,11606.1
hun,1986,11046.3
hun,1987,11058.2
hun,1988,10884.8
hun,1989,10836.8
hun,1990,10067.7
hun,1991,9900.7
hun,1992,8853.05
hun,1993,8196.3
hun,1994,7700.56
hun,1995,7479.56
hun,1996,8684.53
hun,1997,8603.44
hun,1998,8421.45
hun,1999,8328.87
hun,2000,8241.43
hun,2001,8250.43
hun,2002,8433.15
hun,2003,8384.69
hun,2004,8273.52
hun,2005,7899.94
hun,2006,7789.31
hun,2007,7553.27
hun,2008,7409.59
hun,2009,7362.47
hun,2010,7282.64
hun,2011,7248.69552
hun,2012,7134.91704
idn,1970,126665
idn,1971,119293
idn,1972,195338
idn,1973,136928
idn,1974,122570
idn,1975,121065
idn,1976,147762
idn,1977,208874
idn,1978,152697
idn,1979,184092
idn,1980,182595
idn,1981,168865
idn,1982,475987
idn,1983,231184
idn,1984,163059
idn,1985,166842
idn,1986,227691
idn,1987,330665
idn,1988,160742
idn,1989,171724
idn,1990,211531
idn,1991,391055
idn,1992,364640
idn,1993,229782
idn,1994,357567
idn,1995,200127
idn,1996,196284
idn,1997,912857
idn,1998,276717
idn,1999,181938
idn,2000,170032
idn,2001,203333
idn,2002,342524
idn,2003,216483
idn,2004,250429
idn,2005,307454
idn,2006,515945
idn,2007,214323
idn,2008,215937
idn,2009,302828
idn,2010,218937
idn,2011,221126.37
idn,2012,223315.74
ind,1970,398212
ind,1971,401434
ind,1972,401638
ind,1973,408086
ind,1974,411441
ind,1975,420853
ind,1976,421451
ind,1977,429250
ind,1978,433220
ind,1979,435572
ind,1980,444528
ind,1981,453572
ind,1982,455044
ind,1983,469097
ind,1984,477063
ind,1985,480438
ind,1986,493758
ind,1987,498274
ind,1988,519788
ind,1989,532933
ind,1990,513704
ind,1991,520959
ind,1992,524521
ind,1993,529117
ind,1994,535828
ind,1995,542270
ind,1996,547580
ind,1997,550939
ind,1998,553240
ind,1999,571165
ind,2000,561733
ind,2001,568476
ind,2002,565939
ind,2003,575287
ind,2004,577716
ind,2005,584676
ind,2006,589705
ind,2007,598069
ind,2008,606364
ind,2009,620918
ind,2010,621480
ind,2011,628938.0636
ind,2012,636395.8272
irl,1970,10169.6
irl,1971,10380.1
irl,1972,10425.2
irl,1973,10921.3
irl,1974,11525.9
irl,1975,11529.1
irl,1976,11341.8
irl,1977,11588.3
irl,1978,11772.2
irl,1979,12026.8
irl,1980,12129.2
irl,1981,11923.9
irl,1982,12138.4
irl,1983,12488.5
irl,1984,12688.9
irl,1985,12892.4
irl,1986,12927.5
irl,1987,12863.1
irl,1988,12843.6
irl,1989,13181
irl,1990,13884.2
irl,1991,14106.1
irl,1992,14121.7
irl,1993,14312.3
irl,1994,14391.1
irl,1995,14497.6
irl,1996,14682.3
irl,1997,14852.2
irl,1998,15125.2
irl,1999,14836
irl,2000,14896.6
irl,2001,15019.4
irl,2002,15004.8
irl,2003,15913
irl,2004,15335.7
irl,2005,14959.6
irl,2006,14963.1
irl,2007,14617.4
irl,2008,14414.8
irl,2009,14220.9
irl,2010,13895.8
irl,2011,14282.12266
irl,2012,14330.02533
irn,1970,52012.9
irn,1971,55205.6
irn,1972,60712.9
irn,1973,68925.7
irn,1974,69785.2
irn,1975,63628.9
irn,1976,70029.7
irn,1977,67947.9
irn,1978,64946.6
irn,1979,48390.5
irn,1980,36464.7
irn,1981,34976.8
irn,1982,45440.4
irn,1983,44883.7
irn,1984,38342.2
irn,1985,38489.4
irn,1986,38360
irn,1987,39993.9
irn,1988,39267.3
irn,1989,42027.2
irn,1990,56749
irn,1991,60099.4
irn,1992,61442.5
irn,1993,62897.9
irn,1994,67372.4
irn,1995,69153.8
irn,1996,71513.6
irn,1997,73530.6
irn,1998,73552.6
irn,1999,75274.5
irn,2000,79768.5
irn,2001,80690.7
irn,2002,83799.7
irn,2003,92682.8
irn,2004,97272.1
irn,2005,100291
irn,2006,104671
irn,2007,107983
irn,2008,109526
irn,2009,112911
irn,2010,115302
irn,2011,118300.25214
irn,2012,121298.11428
irq,1970,19681.9
irq,1971,21872.3
irq,1972,20514.1
irq,1973,22845
irq,1974,23235.9
irq,1975,24783.7
irq,1976,28241.6
irq,1977,25685.6
irq,1978,26613.8
irq,1979,32077.9
irq,1980,27077.5
irq,1981,15550.1
irq,1982,15789.7
irq,1983,15464.9
irq,1984,16880.7
irq,1985,19357.9
irq,1986,22009.1
irq,1987,22225.5
irq,1988,23382.3
irq,1989,24622.8
irq,1990,21421.5
irq,1991,11188.6
irq,1992,12118.7
irq,1993,12915.9
irq,1994,13240.9
irq,1995,13291.3
irq,1996,12662
irq,1997,16393.6
irq,1998,19282.9
irq,1999,21376.8
irq,2000,22328.3
irq,2001,22341.7
irq,2002,20744.3
irq,2003,18690.9
irq,2004,21282.6
irq,2005,20658
irq,2006,21332.7
irq,2007,21243.2
irq,2008,22677.2
irq,2009,22985.8
irq,2010,23873.7
irq,2011,24112.437
irq,2012,24351.174
isl,1970,308.49
isl,1971,304.208
isl,1972,322.513
isl,1973,339.43
isl,1974,346.369
isl,1975,349.695
isl,1976,347.244
isl,1977,352.318
isl,1978,360.024
isl,1979,358.825
isl,1980,337.118
isl,1981,344.453
isl,1982,333.435
isl,1983,336.146
isl,1984,345.407
isl,1985,350.554
isl,1986,345.744
isl,1987,336.845
isl,1988,335.775
isl,1989,335.288
isl,1990,341.696
isl,1991,340.035
isl,1992,335.967
isl,1993,333.026
isl,1994,337.139
isl,1995,332.433
isl,1996,337.605
isl,1997,338.767
isl,1998,341.257
isl,1999,342.365
isl,2000,336.525
isl,2001,342.69
isl,2002,331.714
isl,2003,335.338
isl,2004,332.736
isl,2005,335.815
isl,2006,353.287
isl,2007,368.955
isl,2008,367.133
isl,2009,383.443
isl,2010,383.189
isl,2011,371.10576
isl,2012,358.76832
isr,1970,1301.06
isr,1971,1318.23
isr,1972,1363.41
isr,1973,1407.83
isr,1974,1386.07
isr,1975,1547.77
isr,1976,1318.59
isr,1977,1353.35
isr,1978,1385.74
isr,1979,1412.04
isr,1980,1450.36
isr,1981,1458.31
isr,1982,1502.36
isr,1983,1553.92
isr,1984,1593.54
isr,1985,1625.97
isr,1986,1684.73
isr,1987,1746.38
isr,1988,1824.53
isr,1989,1864.37
isr,1990,1910.18
isr,1991,1950.13
isr,1992,2037.21
isr,1993,2131.72
isr,1994,2347.36
isr,1995,2418.48
isr,1996,2483.79
isr,1997,2519.57
isr,1998,2588.64
isr,1999,2643.68
isr,2000,2695.48
isr,2001,2766.27
isr,2002,2831.48
isr,2003,2929.96
isr,2004,3326.97
isr,2005,3452.45
isr,2006,3716.15
isr,2007,3839.94
isr,2008,3917.58
isr,2009,3651.27
isr,2010,3348.67
isr,2011,3382.1567
isr,2012,3415.6434
ita,1970,40488.2
ita,1971,39242.4
ita,1972,39690.2
ita,1973,40754.4
ita,1974,40895.8
ita,1975,40690.6
ita,1976,42059.1
ita,1977,42875.6
ita,1978,43159.8
ita,1979,43732.1
ita,1980,43908.4
ita,1981,43883.7
ita,1982,43894.4
ita,1983,42945.2
ita,1984,45131.3
ita,1985,45481.5
ita,1986,45577.7
ita,1987,45851.4
ita,1988,46344.5
ita,1989,46768.5
ita,1990,47167.7
ita,1991,46281.1
ita,1992,46370.8
ita,1993,45868.5
ita,1994,46464.9
ita,1995,46489.8
ita,1996,47515.5
ita,1997,47213.4
ita,1998,46822.3
ita,1999,46445.5
ita,2000,46791.1
ita,2001,44644.3
ita,2002,43642.7
ita,2003,42622.2
ita,2004,41060.5
ita,2005,40144.7
ita,2006,38872.4
ita,2007,38418.8
ita,2008,37392.2
ita,2009,37243
ita,2010,37547.9
ita,2011,36328.09438
ita,2012,35238.17876
jam,1970,821.253
jam,1971,825.87
jam,1972,830.272
jam,1973,836.246
jam,1974,846.131
jam,1975,855.553
jam,1976,865.854
jam,1977,860.467
jam,1978,859.023
jam,1979,854.172
jam,1980,872.822
jam,1981,857.835
jam,1982,877.954
jam,1983,942.351
jam,1984,1065.51
jam,1985,1038.08
jam,1986,1096.35
jam,1987,1100.91
jam,1988,1095.84
jam,1989,1099.31
jam,1990,1236.11
jam,1991,1306.54
jam,1992,1375.69
jam,1993,1390.1
jam,1994,1377.24
jam,1995,1403.21
jam,1996,1381.85
jam,1997,1360.76
jam,1998,1357.77
jam,1999,1371.43
jam,2000,1376.24
jam,2001,1270.89
jam,2002,1267.93
jam,2003,1307.01
jam,2004,1318.96
jam,2005,1303.35
jam,2006,1314.89
jam,2007,1322.38
jam,2008,1327.95
jam,2009,1304.93
jam,2010,1290.64
jam,2011,1303.5464
jam,2012,1316.4528
jor,1970,361.816
jor,1971,383.748
jor,1972,402.791
jor,1973,438.787
jor,1974,435.242
jor,1975,438.272
jor,1976,413.107
jor,1977,442.409
jor,1978,463.697
jor,1979,503.032
jor,1980,500.235
jor,1981,549.19
jor,1982,566.354
jor,1983,573.613
jor,1984,591.184
jor,1985,632.694
jor,1986,618.013
jor,1987,676.797
jor,1988,721.584
jor,1989,787.734
jor,1990,865.96
jor,1991,971.059
jor,1992,1113.76
jor,1993,1181.13
jor,1994,1178.48
jor,1995,1224.59
jor,1996,1279.84
jor,1997,1283.06
jor,1998,1345.57
jor,1999,1339.37
jor,2000,1399.35
jor,2001,1379.13
jor,2002,1484.08
jor,2003,1588.4
jor,2004,1700.95
jor,2005,1831.84
jor,2006,1954.06
jor,2007,2081.66
jor,2008,2203.39
jor,2009,2125.72
jor,2010,2073.31
jor,2011,2094.0431
jor,2012,2114.7762
jpn,1970,101804
jpn,1971,93274.2
jpn,1972,89309.2
jpn,1973,87821.7
jpn,1974,86881
jpn,1975,85160.7
jpn,1976,85699.7
jpn,1977,85622.1
jpn,1978,80369.8
jpn,1979,79393.5
jpn,1980,77447.3
jpn,1981,75634.3
jpn,1982,74784.5
jpn,1983,74613.8
jpn,1984,74860
jpn,1985,74544.1
jpn,1986,73524.8
jpn,1987,69948
jpn,1988,68480.7
jpn,1989,67750.2
jpn,1990,66937.5
jpn,1991,65333.6
jpn,1992,64959.8
jpn,1993,63564.1
jpn,1994,62539
jpn,1995,59942.8
jpn,1996,56805.6
jpn,1997,54159.4
jpn,1998,50834.7
jpn,1999,49494
jpn,2000,47496.1
jpn,2001,46170.3
jpn,2002,44220.2
jpn,2003,43401.2
jpn,2004,42963.2
jpn,2005,42255.5
jpn,2006,41940.2
jpn,2007,41599.6
jpn,2008,40990.2
jpn,2009,40366.5
jpn,2010,40262.2
jpn,2011,39673.65633
jpn,2012,38956.54266
kaz,1970,68238.3
kaz,1971,68300.8
kaz,1972,74529.5
kaz,1973,70382.9
kaz,1974,69539.5
kaz,1975,70525.5
kaz,1976,72988.8
kaz,1977,71435.1
kaz,1978,70521.2
kaz,1979,67218.2
kaz,1980,64911.8
kaz,1981,63224.7
kaz,1982,62882.7
kaz,1983,60438.2
kaz,1984,64568.2
kaz,1985,61600.9
kaz,1986,63331.2
kaz,1987,63247.1
kaz,1988,66335.7
kaz,1989,68321.1
kaz,1990,69412.5
kaz,1991,64202.8
kaz,1992,64059.5
kaz,1993,61927.2
kaz,1994,53120.7
kaz,1995,43664.5
kaz,1996,51002.7
kaz,1997,40284.7
kaz,1998,36540.6
kaz,1999,33252.5
kaz,2000,38778.7
kaz,2001,40549.2
kaz,2002,46805.7
kaz,2003,48473.5
kaz,2004,52018.2
kaz,2005,54343.5
kaz,2006,57613.3
kaz,2007,59418.7
kaz,2008,63557.3
kaz,2009,63765
kaz,2010,67542.2
kaz,2011,69446.28823
kaz,2012,71350.48646
ken,1970,12008.8
ken,1971,12246.5
ken,1972,12548.5
ken,1973,12760.3
ken,1974,12977.7
ken,1975,13207.6
ken,1976,13185.3
ken,1977,13482.9
ken,1978,14408
ken,1979,15529.1
ken,1980,14642
ken,1981,14610.7
ken,1982,15757.8
ken,1983,17169.4
ken,1984,17721.3
ken,1985,17655.7
ken,1986,17985.8
ken,1987,18103.2
ken,1988,19137.8
ken,1989,19883.2
ken,1990,20324.3
ken,1991,20067.6
ken,1992,20393
ken,1993,20777.1
ken,1994,21428.8
ken,1995,21676.7
ken,1996,20883
ken,1997,21174.7
ken,1998,21985.9
ken,1999,23128.5
ken,2000,22283.2
ken,2001,22897.6
ken,2002,23513
ken,2003,24373.8
ken,2004,25584.2
ken,2005,25614.8
ken,2006,26382.8
ken,2007,26544.6
ken,2008,27447.1
ken,2009,27436.5
ken,2010,27477.2
ken,2011,27751.972
ken,2012,28026.744
kgz,1970,4561.13
kgz,1971,4717.82
kgz,1972,5041.41
kgz,1973,4921.7
kgz,1974,4992.31
kgz,1975,5104.88
kgz,1976,5148.38
kgz,1977,5117.43
kgz,1978,5151.03
kgz,1979,5192.82
kgz,1980,5219.25
kgz,1981,5214.66
kgz,1982,5265.65
kgz,1983,5274.56
kgz,1984,5402.32
kgz,1985,5452.79
kgz,1986,5544.95
kgz,1987,5624.8
kgz,1988,5681.15
kgz,1989,5790.58
kgz,1990,5822.7
kgz,1991,5552.97
kgz,1992,5212.24
kgz,1993,4921.47
kgz,1994,4428.28
kgz,1995,3698.14
kgz,1996,3863.25
kgz,1997,3452.46
kgz,1998,3363.82
kgz,1999,3409.16
kgz,2000,3485.7
kgz,2001,3473.02
kgz,2002,3533.02
kgz,2003,3554.55
kgz,2004,3540.17
kgz,2005,3591.26
kgz,2006,3539.99
kgz,2007,3605.24
kgz,2008,3664.47
kgz,2009,3822.6
kgz,2010,3968.38
kgz,2011,4129.71885
kgz,2012,4291.0677
khm,1970,20086.5
khm,1971,16193.4
khm,1972,13559.2
khm,1973,10701.7
khm,1974,8055.74
khm,1975,9372.55
khm,1976,9186.63
khm,1977,9531.61
khm,1978,9662.58
khm,1979,7913.82
khm,1980,11766.3
khm,1981,10931.9
khm,1982,12820
khm,1983,14525.1
khm,1984,9957.43
khm,1985,12111.6
khm,1986,12881.8
khm,1987,12895.9
khm,1988,14519.9
khm,1989,14210.3
khm,1990,15115.7
khm,1991,14178
khm,1992,15295.6
khm,1993,15319.3
khm,1994,13541.9
khm,1995,15970.2
khm,1996,14982.5
khm,1997,15369.2
khm,1998,20428.4
khm,1999,15969.3
khm,2000,14984.9
khm,2001,15981.2
khm,2002,17705.4
khm,2003,18474.1
khm,2004,19519.1
khm,2005,20476.5
khm,2006,24196.9
khm,2007,41364.7
khm,2008,32658.4
khm,2009,29098.9
khm,2010,35210.7
khm,2011,35562.807
khm,2012,35914.914
kir,1970,4.66001
kir,1971,5.0505
kir,1972,5.37733
kir,1973,5.6776
kir,1974,5.90573
kir,1975,6.25382
kir,1976,6.70277
kir,1977,6.99489
kir,1978,7.25503
kir,1979,7.53406
kir,1980,7.80881
kir,1981,7.92928
kir,1982,8.09901
kir,1983,8.33936
kir,1984,8.60384
kir,1985,8.95085
kir,1986,9.25627
kir,1987,9.5605
kir,1988,9.84241
kir,1989,10.2185
kir,1990,10.1507
kir,1991,10.3557
kir,1992,10.5681
kir,1993,10.7664
kir,1994,10.9671
kir,1995,11.2032
kir,1996,11.5327
kir,1997,11.7932
kir,1998,12.0775
kir,1999,12.4039
kir,2000,12.783
kir,2001,13.0803
kir,2002,13.4642
kir,2003,13.6906
kir,2004,13.9656
kir,2005,14.2037
kir,2006,14.5038
kir,2007,14.8733
kir,2008,15.2245
kir,2009,15.5948
kir,2010,15.9874
kir,2011,16.14727
kir,2012,16.30715
kna,1970,26.2911
kna,1971,25.4309
kna,1972,25.2843
kna,1973,24.9209
kna,1974,25.1462
kna,1975,25.2154
kna,1976,26.9157
kna,1977,27.6522
kna,1978,27.694
kna,1979,27.9725
kna,1980,27.4685
kna,1981,27.2733
kna,1982,27.9293
kna,1983,26.6137
kna,1984,27.0967
kna,1985,26.5354
kna,1986,26.7719
kna,1987,27.0825
kna,1988,27.3733
kna,1989,27.1832
kna,1990,25.8255
kna,1991,26.9923
kna,1992,28.776
kna,1993,28.2629
kna,1994,28.2748
kna,1995,28.7572
kna,1996,29.8266
kna,1997,32.2536
kna,1998,31.7411
kna,1999,31.546
kna,2000,32.5659
kna,2001,33.0917
kna,2002,33.4498
kna,2003,33.8611
kna,2004,34.3194
kna,2005,33.929
kna,2006,34.4144
kna,2007,32.1513
kna,2008,30.9709
kna,2009,30.2962
kna,2010,29.4668
kna,2011,29.76147
kna,2012,30.05614
kor,1970,25948.7
kor,1971,25762
kor,1972,25835.8
kor,1973,26653
kor,1974,27919.9
kor,1975,28404.4
kor,1976,27857.4
kor,1977,28568.8
kor,1978,28839.3
kor,1979,29054.8
kor,1980,29043.4
kor,1981,29254.1
kor,1982,29312
kor,1983,30698
kor,1984,32149.1
kor,1985,33357.5
kor,1986,33973.2
kor,1987,33767.1
kor,1988,33369.2
kor,1989,32197.8
kor,1990,31301.1
kor,1991,30829
kor,1992,30062.7
kor,1993,30005
kor,1994,29868.9
kor,1995,30069.4
kor,1996,30882.5
kor,1997,31419.3
kor,1998,31037.5
kor,1999,30620.3
kor,2000,30916.4
kor,2001,30796
kor,2002,30797.5
kor,2003,31131.5
kor,2004,31591.1
kor,2005,31986.6
kor,2006,32483
kor,2007,32663.7
kor,2008,31073.8
kor,2009,31492
kor,2010,31985
kor,2011,32304.85
kor,2012,32624.7
kos,2010,0
kwt,1970,21910.4
kwt,1971,23068.7
kwt,1972,23216
kwt,1973,19964
kwt,1974,15524.9
kwt,1975,12416.5
kwt,1976,12085.8
kwt,1977,10779.8
kwt,1978,12348.1
kwt,1979,13240.4
kwt,1980,9201.89
kwt,1981,6468.34
kwt,1982,5016.9
kwt,1983,5999.08
kwt,1984,6469.48
kwt,1985,6441.65
kwt,1986,6511.43
kwt,1987,6571.63
kwt,1988,7275.6
kwt,1989,8523.21
kwt,1990,5420.15
kwt,1991,2345.12
kwt,1992,5784.39
kwt,1993,8508.26
kwt,1994,10347.9
kwt,1995,10204.7
kwt,1996,10365.8
kwt,1997,10713.5
kwt,1998,10337.5
kwt,1999,9617.03
kwt,2000,10368.8
kwt,2001,9983.85
kwt,2002,9686.36
kwt,2003,11323.4
kwt,2004,11866.6
kwt,2005,12945.7
kwt,2006,13198.6
kwt,2007,12692
kwt,2008,12817.2
kwt,2009,12230.5
kwt,2010,12441.8
kwt,2011,12566.218
kwt,2012,12690.636
lao,1970,6975.78
lao,1971,5617.9
lao,1972,6196.01
lao,1973,7426.45
lao,1974,5537.61
lao,1975,5468.69
lao,1976,4769.28
lao,1977,6267.75
lao,1978,7045.97
lao,1979,6906.61
lao,1980,7926.31
lao,1981,7348.99
lao,1982,7336.02
lao,1983,10421.4
lao,1984,7118.98
lao,1985,6540.52
lao,1986,7170.78
lao,1987,8181.29
lao,1988,6857.59
lao,1989,5878.43
lao,1990,8140.38
lao,1991,7178.54
lao,1992,9292.27
lao,1993,7982.87
lao,1994,7673.07
lao,1995,8250.26
lao,1996,7109.17
lao,1997,7393.34
lao,1998,19708.2
lao,1999,17160.3
lao,2000,7219.39
lao,2001,7828.31
lao,2002,8610.42
lao,2003,8273.89
lao,2004,12940.8
lao,2005,10797.5
lao,2006,8621.94
lao,2007,8174.71
lao,2008,8331.62
lao,2009,8394.87
lao,2010,14717
lao,2011,14864.17
lao,2012,15011.34
lbn,1970,545.394
lbn,1971,558.363
lbn,1972,573.474
lbn,1973,578.109
lbn,1974,583.013
lbn,1975,565.36
lbn,1976,548.475
lbn,1977,558.209
lbn,1978,601.605
lbn,1979,597.76
lbn,1980,619.711
lbn,1981,624.53
lbn,1982,619.909
lbn,1983,622.899
lbn,1984,630.743
lbn,1985,643.183
lbn,1986,657.793
lbn,1987,668.889
lbn,1988,667.486
lbn,1989,679.502
lbn,1990,698.063
lbn,1991,733.521
lbn,1992,758.014
lbn,1993,779.919
lbn,1994,798.273
lbn,1995,807.64
lbn,1996,844.039
lbn,1997,857.373
lbn,1998,888.003
lbn,1999,893.603
lbn,2000,904.602
lbn,2001,913.621
lbn,2002,945.674
lbn,2003,965.734
lbn,2004,975.86
lbn,2005,1022.76
lbn,2006,1040.91
lbn,2007,1060.39
lbn,2008,1089.56
lbn,2009,1110.48
lbn,2010,1127.22
lbn,2011,1138.4922
lbn,2012,1149.7644
lbr,1970,493.168
lbr,1971,509.303
lbr,1972,525.946
lbr,1973,550.119
lbr,1974,544
lbr,1975,545.626
lbr,1976,552.426
lbr,1977,629.278
lbr,1978,629.106
lbr,1979,662.381
lbr,1980,693.175
lbr,1981,683.703
lbr,1982,711.984
lbr,1983,711.905
lbr,1984,731
lbr,1985,750.103
lbr,1986,813.975
lbr,1987,833.329
lbr,1988,891.581
lbr,1989,913.171
lbr,1990,889.681
lbr,1991,845.158
lbr,1992,826.081
lbr,1993,773.638
lbr,1994,756.619
lbr,1995,771.495
lbr,1996,815.302
lbr,1997,898.083
lbr,1998,1001.58
lbr,1999,1103.74
lbr,2000,1155.65
lbr,2001,1274.89
lbr,2002,1248.1
lbr,2003,1242.8
lbr,2004,1328.26
lbr,2005,1317.34
lbr,2006,1484.91
lbr,2007,1612.7
lbr,2008,1621.16
lbr,2009,1551.05
lbr,2010,1554.59
lbr,2011,1570.1359
lbr,2012,1585.6818
lby,1970,29695.2
lby,1971,23578.6
lby,1972,18943.4
lby,1973,18273.6
lby,1974,13366
lby,1975,14640.1
lby,1976,17202.7
lby,1977,17626
lby,1978,17567.8
lby,1979,18479.3
lby,1980,17642.6
lby,1981,12945.3
lby,1982,13683.6
lby,1983,12616.6
lby,1984,12216.3
lby,1985,11875.1
lby,1986,14975.6
lby,1987,13450.9
lby,1988,14257.9
lby,1989,14442.5
lby,1990,16757.7
lby,1991,17183.2
lby,1992,15135.9
lby,1993,14508.2
lby,1994,14747
lby,1995,15680.4
lby,1996,16057.8
lby,1997,14275.2
lby,1998,13670.8
lby,1999,12584.8
lby,2000,13092.2
lby,2001,12532
lby,2002,12341.2
lby,2003,14033.9
lby,2004,14725.4
lby,2005,16454.6
lby,2006,17560
lby,2007,17615.1
lby,2008,18067.2
lby,2009,17740.5
lby,2010,18132.3
lby,2011,18313.623
lby,2012,18494.946
lca,1970,27.6319
lca,1971,27.6835
lca,1972,27.5385
lca,1973,27.7376
lca,1974,27.5037
lca,1975,27.7703
lca,1976,28.2658
lca,1977,29.3882
lca,1978,29.9751
lca,1979,30.7759
lca,1980,31.773
lca,1981,32.6602
lca,1982,33.8072
lca,1983,34.7794
lca,1984,35.6718
lca,1985,35.5363
lca,1986,35.6999
lca,1987,36.0689
lca,1988,36.3689
lca,1989,36.6755
lca,1990,36.9718
lca,1991,37.2514
lca,1992,37.5229
lca,1993,37.7076
lca,1994,37.9909
lca,1995,38.2506
lca,1996,38.4009
lca,1997,38.5637
lca,1998,38.8302
lca,1999,39.1605
lca,2000,39.5805
lca,2001,39.892
lca,2002,40.2137
lca,2003,40.5166
lca,2004,40.8795
lca,2005,41.1707
lca,2006,41.534
lca,2007,41.9093
lca,2008,42.2973
lca,2009,42.4451
lca,2010,42.8591
lca,2011,43.28769
lca,2012,43.71628
lka,1970,11338
lka,1971,11068.3
lka,1972,10525.2
lka,1973,10781.9
lka,1974,11934.1
lka,1975,10165
lka,1976,10546.1
lka,1977,11667.7
lka,1978,11981.1
lka,1979,11591.6
lka,1980,11901.7
lka,1981,12121.5
lka,1982,11240.4
lka,1983,11471.9
lka,1984,12371.5
lka,1985,12162.3
lka,1986,11854.7
lka,1987,10710.5
lka,1988,11564.4
lka,1989,10635.9
lka,1990,11514.1
lka,1991,11004.5
lka,1992,10936.2
lka,1993,11250.2
lka,1994,11725.6
lka,1995,11606
lka,1996,10063.4
lka,1997,9841.13
lka,1998,9315.24
lka,1999,9895.28
lka,2000,9606.1
lka,2001,9249.79
lka,2002,9543.28
lka,2003,10086.1
lka,2004,9113.36
lka,2005,10292
lka,2006,10361.2
lka,2007,11011.3
lka,2008,11351.4
lka,2009,10973.9
lka,2010,11630.9
lka,2011,11747.209
lka,2012,11863.518
lso,1970,1129.56
lso,1971,1043.97
lso,1972,1025.17
lso,1973,1013.6
lso,1974,1034.61
lso,1975,1075.26
lso,1976,1055.71
lso,1977,980.293
lso,1978,990.912
lso,1979,1048.22
lso,1980,1102.39
lso,1981,1110.43
lso,1982,1140
lso,1983,1124.17
lso,1984,1105.9
lso,1985,1147.05
lso,1986,1162.93
lso,1987,1317.38
lso,1988,1288.35
lso,1989,1240.85
lso,1990,1137.7
lso,1991,1146.64
lso,1992,1289.18
lso,1993,1230.19
lso,1994,1206.66
lso,1995,1184.24
lso,1996,1126.68
lso,1997,1105.45
lso,1998,1098.87
lso,1999,1222.21
lso,2000,1148.95
lso,2001,1123.95
lso,2002,1318.61
lso,2003,1306.57
lso,2004,1090.1
lso,2005,1215.92
lso,2006,1207.95
lso,2007,1228.99
lso,2008,1244.2
lso,2009,1253.56
lso,2010,1261.45
lso,2011,1274.0645
lso,2012,1286.679
ltu,1970,4583.84
ltu,1971,4799.64
ltu,1972,4945.25
ltu,1973,5075.79
ltu,1974,5213.62
ltu,1975,5345.38
ltu,1976,5376.2
ltu,1977,5468.72
ltu,1978,5602.26
ltu,1979,5705.62
ltu,1980,5726.93
ltu,1981,5808.01
ltu,1982,5853.62
ltu,1983,5999.44
ltu,1984,6116.98
ltu,1985,6231.5
ltu,1986,6323.09
ltu,1987,6431.74
ltu,1988,6919.8
ltu,1989,7571.71
ltu,1990,7602.37
ltu,1991,7393.74
ltu,1992,6889.02
ltu,1993,5942.06
ltu,1994,5414.64
ltu,1995,5156.03
ltu,1996,5082.84
ltu,1997,5105.41
ltu,1998,5161.28
ltu,1999,5023.55
ltu,2000,4999.93
ltu,2001,4856.21
ltu,2002,5105.07
ltu,2003,4996.95
ltu,2004,5053.58
ltu,2005,5042.95
ltu,2006,5096.41
ltu,2007,5095.97
ltu,2008,5159.29
ltu,2009,5079.98
ltu,2010,5052.3
ltu,2011,4942.79316
ltu,2012,4805.60231
lux,1970,714.056
lux,1971,715.81
lux,1972,726.393
lux,1973,757.852
lux,1974,794.763
lux,1975,803.405
lux,1976,817.708
lux,1977,838.045
lux,1978,861.356
lux,1979,880.727
lux,1980,897.18
lux,1981,912.044
lux,1982,902.866
lux,1983,917.838
lux,1984,916.966
lux,1985,935.516
lux,1986,933.036
lux,1987,945.618
lux,1988,950.217
lux,1989,961.849
lux,1990,979.375
lux,1991,1113.36
lux,1992,1174.97
lux,1993,1183.85
lux,1994,1224.48
lux,1995,1249.17
lux,1996,1028.37
lux,1997,1115.74
lux,1998,1030.59
lux,1999,1026.6
lux,2000,1018.69
lux,2001,1094.93
lux,2002,1050.96
lux,2003,1043.92
lux,2004,993.759
lux,2005,1053.29
lux,2006,1070.37
lux,2007,1116.44
lux,2008,1146.49
lux,2009,1279.89
lux,2010,1235.76
lux,2011,1224.60579
lux,2012,1169.31619
lva,1970,3322.72
lva,1971,3462.19
lva,1972,3560.22
lva,1973,3658.48
lva,1974,3767.38
lva,1975,3862.3
lva,1976,3879.87
lva,1977,3912.64
lva,1978,3976.68
lva,1979,4012.48
lva,1980,4020.39
lva,1981,4032.18
lva,1982,4075.16
lva,1983,4159.48
lva,1984,4247.09
lva,1985,4323.95
lva,1986,4381.15
lva,1987,4446.1
lva,1988,4764.61
lva,1989,5156.56
lva,1990,5468.3
lva,1991,5483.54
lva,1992,5277.01
lva,1993,4691.5
lva,1994,3544.86
lva,1995,3155.76
lva,1996,3166.83
lva,1997,3088.53
lva,1998,3027.51
lva,1999,2937.6
lva,2000,2839.51
lva,2001,2930.62
lva,2002,3416.83
lva,2003,3071.81
lva,2004,3119.34
lva,2005,3104.89
lva,2006,3164.91
lva,2007,3170.82
lva,2008,3191.92
lva,2009,3259.72
lva,2010,3227.46
lva,2011,3220.43587
lva,2012,3181.14673
mac,1970,48.8704
mac,1971,50.3535
mac,1972,51.4655
mac,1973,52.6127
mac,1974,53.3593
mac,1975,53.8737
mac,1976,54.1588
mac,1977,54.0095
mac,1978,54.6061
mac,1979,55.0441
mac,1980,56.2086
mac,1981,57.1744
mac,1982,58.6616
mac,1983,60.797
mac,1984,62.6502
mac,1985,65.6237
mac,1986,68.6852
mac,1987,71.9305
mac,1988,75.9327
mac,1989,79.9558
mac,1990,84.9561
mac,1991,88.9968
mac,1992,92.988
mac,1993,96.9551
mac,1994,100.614
mac,1995,103.76
mac,1996,107.273
mac,1997,109.757
mac,1998,112.262
mac,1999,114.338
mac,2000,114.222
mac,2001,115.698
mac,2002,116.691
mac,2003,118.447
mac,2004,121.722
mac,2005,126.258
mac,2006,129.756
mac,2007,134.62
mac,2008,139.82
mac,2009,143.61
mac,2010,147.623
mac,2011,149.09923
mac,2012,150.57546
mar,1970,8486.35
mar,1971,8636.64
mar,1972,8406.4
mar,1973,8427.35
mar,1974,8272.1
mar,1975,8345.24
mar,1976,8361.05
mar,1977,8306.53
mar,1978,8600.73
mar,1979,8541.72
mar,1980,8897.47
mar,1981,8663.11
mar,1982,7395.61
mar,1983,7744.98
mar,1984,7588.61
mar,1985,8011.93
mar,1986,8638.88
mar,1987,9224.9
mar,1988,8829.5
mar,1989,9169.22
mar,1990,9223.91
mar,1991,9073.26
mar,1992,9023.31
mar,1993,8337.81
mar,1994,8145.2
mar,1995,8301.61
mar,1996,8576.52
mar,1997,8869.6
mar,1998,9018.37
mar,1999,9319.88
mar,2000,9600.26
mar,2001,9659.44
mar,2002,9684.07
mar,2003,9993.33
mar,2004,10366.5
mar,2005,10601.4
mar,2006,10883.4
mar,2007,11080.8
mar,2008,11254
mar,2009,11300.8
mar,2010,11776.9
mar,2011,11894.669
mar,2012,12012.438
mda,1970,2068.17
mda,1971,2154.23
mda,1972,2235.16
mda,1973,2304
mda,1974,2377.89
mda,1975,2438.62
mda,1976,2466.36
mda,1977,2470.56
mda,1978,2492.5
mda,1979,2499.39
mda,1980,2493.22
mda,1981,2498.85
mda,1982,2538.01
mda,1983,2602.31
mda,1984,2675.29
mda,1985,2731.65
mda,1986,2773.52
mda,1987,2819.93
mda,1988,3200.98
mda,1989,3652.47
mda,1990,4085.62
mda,1991,4166.06
mda,1992,4528.94
mda,1993,4259.54
mda,1994,4053.61
mda,1995,3863.14
mda,1996,3692.43
mda,1997,3514.06
mda,1998,3488.61
mda,1999,3354.89
mda,2000,3253.46
mda,2001,3159.85
mda,2002,3427.34
mda,2003,3564.44
mda,2004,3534.88
mda,2005,3538.93
mda,2006,3468.77
mda,2007,3425.5
mda,2008,3375.96
mda,2009,3362.18
mda,2010,3415.09
mda,2011,3435.50013
mda,2012,3455.91726
mdg,1970,15194.1
mdg,1971,12546.4
mdg,1972,12994
mdg,1973,13479.3
mdg,1974,13276.2
mdg,1975,13935.2
mdg,1976,13564.8
mdg,1977,14581.7
mdg,1978,15271.2
mdg,1979,16355.4
mdg,1980,15976.2
mdg,1981,15578.4
mdg,1982,16066
mdg,1983,16048.5
mdg,1984,15220.2
mdg,1985,15261
mdg,1986,15284.2
mdg,1987,16094
mdg,1988,15069.3
mdg,1989,15640.3
mdg,1990,17045.9
mdg,1991,16290.7
mdg,1992,18576
mdg,1993,16406
mdg,1994,16801.1
mdg,1995,17089.7
mdg,1996,16644.7
mdg,1997,16552.1
mdg,1998,19526.7
mdg,1999,19053.2
mdg,2000,17889.6
mdg,2001,17378
mdg,2002,15615.8
mdg,2003,17107.7
mdg,2004,16280.4
mdg,2005,19215
mdg,2006,16887.4
mdg,2007,17821.1
mdg,2008,18737.6
mdg,2009,19214.9
mdg,2010,19676.2
mdg,2011,19872.962
mdg,2012,20069.724
mdv,1970,13.1008
mdv,1971,13.5029
mdv,1972,13.9541
mdv,1973,14.4535
mdv,1974,14.9795
mdv,1975,15.5913
mdv,1976,16.046
mdv,1977,16.5835
mdv,1978,17.1255
mdv,1979,17.6846
mdv,1980,18.2289
mdv,1981,18.8526
mdv,1982,19.4985
mdv,1983,20.1689
mdv,1984,20.8615
mdv,1985,21.6457
mdv,1986,22.2975
mdv,1987,22.944
mdv,1988,23.6126
mdv,1989,24.2155
mdv,1990,24.8639
mdv,1991,25.5324
mdv,1992,26.1818
mdv,1993,26.8871
mdv,1994,27.9816
mdv,1995,29.0169
mdv,1996,29.8054
mdv,1997,30.6196
mdv,1998,31.7283
mdv,1999,32.9014
mdv,2000,34.2157
mdv,2001,35.4044
mdv,2002,37.253
mdv,2003,38.5894
mdv,2004,40.0747
mdv,2005,41.6547
mdv,2006,43.5534
mdv,2007,45.3725
mdv,2008,47.2629
mdv,2009,49.2024
mdv,2010,51.2825
mdv,2011,51.79532
mdv,2012,52.30815
mex,1970,60999.1
mex,1971,61467
mex,1972,61657.3
mex,1973,62045.7
mex,1974,66666.9
mex,1975,69887.9
mex,1976,72115.7
mex,1977,72773.4
mex,1978,78195.5
mex,1979,81985.9
mex,1980,87935.4
mex,1981,93041.4
mex,1982,102072
mex,1983,98176.3
mex,1984,97059.4
mex,1985,98561.8
mex,1986,97235.7
mex,1987,97259.3
mex,1988,96415
mex,1989,98516
mex,1990,98920
mex,1991,90509
mex,1992,87886.2
mex,1993,89874.5
mex,1994,90298.1
mex,1995,98827.1
mex,1996,100990
mex,1997,102966
mex,1998,117134
mex,1999,102975
mex,2000,103267
mex,2001,108353
mex,2002,112133
mex,2003,112895
mex,2004,110196
mex,2005,113875
mex,2006,112932
mex,2007,114028
mex,2008,115609
mex,2009,115122
mex,2010,115869
mex,2011,116298.95666
mex,2012,116704.58331
mhl,1970,2.43945
mhl,1971,2.50377
mhl,1972,2.5617
mhl,1973,2.61839
mhl,1974,2.68643
mhl,1975,2.7503
mhl,1976,2.80693
mhl,1977,2.87061
mhl,1978,2.93676
mhl,1979,3.00853
mhl,1980,3.09228
mhl,1981,3.18931
mhl,1982,3.31618
mhl,1983,3.45776
mhl,1984,3.61302
mhl,1985,3.78892
mhl,1986,3.97513
mhl,1987,4.17383
mhl,1988,4.38014
mhl,1989,4.62033
mhl,1990,4.8357
mhl,1991,5.06157
mhl,1992,5.26634
mhl,1993,5.43065
mhl,1994,5.58812
mhl,1995,5.72594
mhl,1996,5.94492
mhl,1997,6.04316
mhl,1998,6.07223
mhl,1999,6.10129
mhl,2000,6.13391
mhl,2001,6.19564
mhl,2002,6.27855
mhl,2003,6.386
mhl,2004,6.51885
mhl,2005,6.65903
mhl,2006,6.80626
mhl,2007,7.00481
mhl,2008,7.22824
mhl,2009,7.45402
mhl,2010,7.70513
mhl,2011,7.78218
mhl,2012,7.85923
mkd,1970,2033.32
mkd,1971,1975.95
mkd,1972,1906.05
mkd,1973,1863.4
mkd,1974,1859.86
mkd,1975,1826.89
mkd,1976,1755.44
mkd,1977,1702.97
mkd,1978,1668.66
mkd,1979,1652.45
mkd,1980,1618.28
mkd,1981,1647.97
mkd,1982,1625.85
mkd,1983,1638.68
mkd,1984,1647.53
mkd,1985,1662.61
mkd,1986,1648.36
mkd,1987,1666.22
mkd,1988,1660.3
mkd,1989,1628.47
mkd,1990,1662.29
mkd,1991,1619.13
mkd,1992,1471.41
mkd,1993,1470.39
mkd,1994,1463.1
mkd,1995,1464.52
mkd,1996,1488.66
mkd,1997,1432.06
mkd,1998,1401.28
mkd,1999,1381.64
mkd,2000,1489.65
mkd,2001,1450.78
mkd,2002,1430.1
mkd,2003,1443.97
mkd,2004,1476.08
mkd,2005,1417.65
mkd,2006,1408.39
mkd,2007,1381.05
mkd,2008,1376.2
mkd,2009,1350.1
mkd,2010,1368.33
mkd,2011,1382.0133
mkd,2012,1395.6966
mli,1970,8280.67
mli,1971,8340.11
mli,1972,7574.38
mli,1973,7462.75
mli,1974,6489.81
mli,1975,7103.9
mli,1976,7220.16
mli,1977,7671.49
mli,1978,7351.01
mli,1979,8274.42
mli,1980,9259.53
mli,1981,9017.42
mli,1982,9865.44
mli,1983,8802.01
mli,1984,8044.35
mli,1985,7405.9
mli,1986,7653.64
mli,1987,7800.22
mli,1988,8187.38
mli,1989,8579.82
mli,1990,9439.27
mli,1991,8888.36
mli,1992,9409.42
mli,1993,9408.81
mli,1994,9743.76
mli,1995,10426.4
mli,1996,10622
mli,1997,10941.4
mli,1998,11545.9
mli,1999,11651.9
mli,2000,11686.3
mli,2001,12415.3
mli,2002,12005.3
mli,2003,12613.7
mli,2004,13488.9
mli,2005,13685.5
mli,2006,14234.3
mli,2007,16597.5
mli,2008,17437.9
mli,2009,17521.7
mli,2010,17687.8
mli,2011,17864.678
mli,2012,18041.556
mlt,1970,97.592
mlt,1971,101.823
mlt,1972,101.445
mlt,1973,103.685
mlt,1974,104.286
mlt,1975,108.442
mlt,1976,116.387
mlt,1977,120.84
mlt,1978,123.155
mlt,1979,125.773
mlt,1980,125.556
mlt,1981,127.533
mlt,1982,131.914
mlt,1983,138.623
mlt,1984,146.082
mlt,1985,150.5
mlt,1986,158.347
mlt,1987,164.01
mlt,1988,169.947
mlt,1989,175.996
mlt,1990,183.403
mlt,1991,190.267
mlt,1992,195.606
mlt,1993,201.036
mlt,1994,204.982
mlt,1995,209.257
mlt,1996,217.008
mlt,1997,225.205
mlt,1998,225.183
mlt,1999,228.749
mlt,2000,230.238
mlt,2001,233.419
mlt,2002,235.167
mlt,2003,237.049
mlt,2004,242.839
mlt,2005,244.332
mlt,2006,247.165
mlt,2007,248.802
mlt,2008,234.124
mlt,2009,233.673
mlt,2010,235.227
mlt,2011,187.30804
mlt,2012,140.94278
mmr,1970,75254.3
mmr,1971,55602.1
mmr,1972,63779.7
mmr,1973,85539.1
mmr,1974,56291
mmr,1975,57143.3
mmr,1976,56312.7
mmr,1977,75424
mmr,1978,86109.1
mmr,1979,73275.6
mmr,1980,85429.6
mmr,1981,75931.7
mmr,1982,74767.5
mmr,1983,123762
mmr,1984,75212.9
mmr,1985,66249.1
mmr,1986,75796.5
mmr,1987,94115
mmr,1988,74913
mmr,1989,55256.5
mmr,1990,83992.9
mmr,1991,73169.6
mmr,1992,104832
mmr,1993,87225
mmr,1994,78610.9
mmr,1995,89854
mmr,1996,69498
mmr,1997,68861
mmr,1998,70730.5
mmr,1999,92598.9
mmr,2000,66941.7
mmr,2001,92155.4
mmr,2002,68437.6
mmr,2003,72658.4
mmr,2004,90593
mmr,2005,78231.2
mmr,2006,75320.3
mmr,2007,77548.2
mmr,2008,76510.7
mmr,2009,76868.3
mmr,2010,79055.4
mmr,2011,79845.954
mmr,2012,80636.508
mne,2010,0
mng,1970,6734.56
mng,1971,6466.36
mng,1972,6697.64
mng,1973,7350.25
mng,1974,6610.4
mng,1975,7055.02
mng,1976,7140.94
mng,1977,7598.8
mng,1978,7813.88
mng,1979,7608.97
mng,1980,8249.58
mng,1981,7647.95
mng,1982,7758.6
mng,1983,9162.04
mng,1984,7759.53
mng,1985,7048.21
mng,1986,7423.5
mng,1987,8080.15
mng,1988,7669.95
mng,1989,7259.29
mng,1990,8301.04
mng,1991,8829.31
mng,1992,9417.96
mng,1993,8675.53
mng,1994,8196.23
mng,1995,8988.85
mng,1996,8385.44
mng,1997,8555.4
mng,1998,8608.3
mng,1999,8915.58
mng,2000,9217.95
mng,2001,7928.15
mng,2002,6474.45
mng,2003,6184.46
mng,2004,6022.86
mng,2005,6291.43
mng,2006,6500.67
mng,2007,6710.63
mng,2008,6868.32
mng,2009,7214.2
mng,2010,6134.42
mng,2011,6195.7642
mng,2012,6257.1084
mnp,1970,2.48022
mnp,1971,2.55098
mnp,1972,2.61866
mnp,1973,2.68283
mnp,1974,2.74999
mnp,1975,2.81669
mnp,1976,2.88242
mnp,1977,2.94498
mnp,1978,3.00713
mnp,1979,3.06928
mnp,1980,3.13885
mnp,1981,3.2102
mnp,1982,3.29425
mnp,1983,3.38436
mnp,1984,3.49631
mnp,1985,3.63257
mnp,1986,3.80049
mnp,1987,4.0019
mnp,1988,4.23517
mnp,1989,4.49825
mnp,1990,4.78574
mnp,1991,5.11676
mnp,1992,5.45371
mnp,1993,5.79558
mnp,1994,6.14504
mnp,1995,6.46383
mnp,1996,6.83759
mnp,1997,7.22101
mnp,1998,7.60252
mnp,1999,7.98395
mnp,2000,8.35745
mnp,2001,8.73839
mnp,2002,9.11385
mnp,2003,9.48354
mnp,2004,9.85446
mnp,2005,10.224
mnp,2006,10.5398
mnp,2007,10.8867
mnp,2008,11.2675
mnp,2009,11.6763
mnp,2010,12.1211
mnp,2011,12.24231
mnp,2012,12.36352
moz,1970,12793.1
moz,1971,7298
moz,1972,7789.03
moz,1973,8434.56
moz,1974,7442.3
moz,1975,8840.08
moz,1976,7841.81
moz,1977,8998.89
moz,1978,9428.13
moz,1979,12314.5
moz,1980,10283
moz,1981,9065.37
moz,1982,10116.6
moz,1983,9955.75
moz,1984,7751.03
moz,1985,7927.8
moz,1986,7705
moz,1987,10575.7
moz,1988,7538.33
moz,1989,8536.29
moz,1990,11782.7
moz,1991,9817.95
moz,1992,15253
moz,1993,8669.22
moz,1994,10308.4
moz,1995,10706.7
moz,1996,9338.05
moz,1997,9044.58
moz,1998,12347.7
moz,1999,11161.7
moz,2000,12970.3
moz,2001,12013.5
moz,2002,10821.4
moz,2003,11820.5
moz,2004,11787.3
moz,2005,13749.5
moz,2006,7857.2
moz,2007,8173.63
moz,2008,8517.49
moz,2009,9218.47
moz,2010,9772.32
moz,2011,9870.0432
moz,2012,9967.7664
mrt,1970,3156.65
mrt,1971,3075.91
mrt,1972,2829.11
mrt,1973,2773.45
mrt,1974,2405.17
mrt,1975,2469.99
mrt,1976,2590.23
mrt,1977,2696.55
mrt,1978,2752.64
mrt,1979,2823.3
mrt,1980,2898.67
mrt,1981,3082.56
mrt,1982,3173.11
mrt,1983,2893.11
mrt,1984,2790.82
mrt,1985,2947.72
mrt,1986,3029.41
mrt,1987,3118.7
mrt,1988,3246.95
mrt,1989,3389.39
mrt,1990,3543.17
mrt,1991,3655.78
mrt,1992,3572.94
mrt,1993,3651.78
mrt,1994,3591.54
mrt,1995,3610.57
mrt,1996,3815.52
mrt,1997,4074.16
mrt,1998,4255.32
mrt,1999,4578.15
mrt,2000,4735.44
mrt,2001,4942.44
mrt,2002,5070.14
mrt,2003,5188.64
mrt,2004,5284.84
mrt,2005,5367.73
mrt,2006,5463.29
mrt,2007,5589.7
mrt,2008,5713.89
mrt,2009,5856.1
mrt,2010,5962.34
mrt,2011,6021.9634
mrt,2012,6081.5868
mus,1970,168.887
mus,1971,172.582
mus,1972,177.2
mus,1973,177.617
mus,1974,174.195
mus,1975,164.984
mus,1976,173.279
mus,1977,176.044
mus,1978,169.382
mus,1979,174.301
mus,1980,175.067
mus,1981,175.818
mus,1982,181.059
mus,1983,179.463
mus,1984,182.43
mus,1985,191.052
mus,1986,199.157
mus,1987,202.477
mus,1988,206.988
mus,1989,209.128
mus,1990,210.108
mus,1991,206.989
mus,1992,211.12
mus,1993,212.56
mus,1994,215.058
mus,1995,220.616
mus,1996,223.829
mus,1997,226.147
mus,1998,231.032
mus,1999,232.025
mus,2000,246.582
mus,2001,261.133
mus,2002,256.341
mus,2003,259.026
mus,2004,271.391
mus,2005,273.247
mus,2006,280.004
mus,2007,284.473
mus,2008,290.975
mus,2009,296.328
mus,2010,305.257
mus,2011,308.30957
mus,2012,311.36214
mwi,1970,3189.38
mwi,1971,2325.73
mwi,1972,2525.02
mwi,1973,2589.56
mwi,1974,2488.62
mwi,1975,2825.46
mwi,1976,2770.7
mwi,1977,2915.79
mwi,1978,3029.58
mwi,1979,3542.32
mwi,1980,3208.47
mwi,1981,3055.57
mwi,1982,3310.49
mwi,1983,3339.73
mwi,1984,3067.25
mwi,1985,3233.84
mwi,1986,3263.14
mwi,1987,3852.96
mwi,1988,3244.92
mwi,1989,3479.35
mwi,1990,4047
mwi,1991,3724.44
mwi,1992,4646.05
mwi,1993,3580.79
mwi,1994,3798.52
mwi,1995,3873.99
mwi,1996,3686.54
mwi,1997,3615.32
mwi,1998,3962.97
mwi,1999,3776.36
mwi,2000,3908.24
mwi,2001,3885.75
mwi,2002,3957.6
mwi,2003,4060.61
mwi,2004,3970.96
mwi,2005,4116.02
mwi,2006,4124.78
mwi,2007,4165.46
mwi,2008,4199.96
mwi,2009,4263.5
mwi,2010,4538.53
mwi,2011,4583.9153
mwi,2012,4629.3006
mys,1970,14316.7
mys,1971,11913
mys,1972,13715.7
mys,1973,16372.2
mys,1974,12483
mys,1975,12807.5
mys,1976,13050.9
mys,1977,15709.8
mys,1978,16588.7
mys,1979,17021.3
mys,1980,18166
mys,1981,16408.5
mys,1982,16584.3
mys,1983,25019.7
mys,1984,19055.3
mys,1985,17633.9
mys,1986,20378.4
mys,1987,23524
mys,1988,21298.2
mys,1989,19243.6
mys,1990,23620
mys,1991,23417.2
mys,1992,27972.9
mys,1993,26728.6
mys,1994,25943.2
mys,1995,28345.1
mys,1996,27965.8
mys,1997,29763.9
mys,1998,37635.1
mys,1999,29006.1
mys,2000,29308.9
mys,2001,28515.1
mys,2002,31533.8
mys,2003,30951.4
mys,2004,34816.1
mys,2005,36582.9
mys,2006,33523.8
mys,2007,33488.2
mys,2008,35305.8
mys,2009,37721.6
mys,2010,33598.7
mys,2011,33934.687
mys,2012,34270.674
nam,1970,4004.26
nam,1971,3544.3
nam,1972,3650.68
nam,1973,3753.5
nam,1974,3982.46
nam,1975,3069.86
nam,1976,2977.71
nam,1977,3469.22
nam,1978,3529.01
nam,1979,3942
nam,1980,3891.73
nam,1981,3211.14
nam,1982,3052.82
nam,1983,2950.02
nam,1984,2811.12
nam,1985,2828.66
nam,1986,2957.32
nam,1987,3081.74
nam,1988,2969.87
nam,1989,3153.8
nam,1990,3553.45
nam,1991,3516.09
nam,1992,3953.51
nam,1993,3183.14
nam,1994,3298.96
nam,1995,3309.89
nam,1996,3154.96
nam,1997,3242.64
nam,1998,3297.06
nam,1999,3982.46
nam,2000,4581.63
nam,2001,4296.71
nam,2002,4522.03
nam,2003,4754.09
nam,2004,5051.16
nam,2005,5251.26
nam,2006,4441
nam,2007,4907.13
nam,2008,4941.96
nam,2009,4935.38
nam,2010,4997.54
nam,2011,5047.5154
nam,2012,5097.4908
ncl,1970,180.488
ncl,1971,181.12
ncl,1972,174.599
ncl,1973,185.199
ncl,1974,172.292
ncl,1975,178.619
ncl,1976,176.699
ncl,1977,173.284
ncl,1978,183.861
ncl,1979,175.05
ncl,1980,166.561
ncl,1981,170.404
ncl,1982,163.964
ncl,1983,196.206
ncl,1984,199.962
ncl,1985,206.401
ncl,1986,208.512
ncl,1987,213.217
ncl,1988,220.35
ncl,1989,201.521
ncl,1990,201.162
ncl,1991,208.965
ncl,1992,211.022
ncl,1993,206.654
ncl,1994,199.646
ncl,1995,197.506
ncl,1996,198.852
ncl,1997,198.313
ncl,1998,199.024
ncl,1999,200
ncl,2000,199.529
ncl,2001,200.42
ncl,2002,202.707
ncl,2003,203.625
ncl,2004,205.058
ncl,2005,206.743
ncl,2006,207.621
ncl,2007,209.507
ncl,2008,211.521
ncl,2009,207.438
ncl,2010,210.516
ncl,2011,212.62116
ncl,2012,214.72632
ner,1970,5184.91
ner,1971,5285.01
ner,1972,5393.95
ner,1973,3806.71
ner,1974,3828.94
ner,1975,4102.68
ner,1976,4380.84
ner,1977,4683.81
ner,1978,4954.28
ner,1979,5072.57
ner,1980,5199.99
ner,1981,5292.16
ner,1982,5506.42
ner,1983,5682.85
ner,1984,4243.73
ner,1985,3804.16
ner,1986,3996.12
ner,1987,3983.9
ner,1988,4112.11
ner,1989,4291.81
ner,1990,4462.32
ner,1991,4616.32
ner,1992,4916.08
ner,1993,4969.81
ner,1994,5175.19
ner,1995,5314.21
ner,1996,5462.22
ner,1997,5622.44
ner,1998,5819.35
ner,1999,5967.7
ner,2000,6123.12
ner,2001,5951.29
ner,2002,5151.85
ner,2003,5257.9
ner,2004,5311.73
ner,2005,5979.32
ner,2006,6027.77
ner,2007,6242.81
ner,2008,6252.73
ner,2009,6480.56
ner,2010,6723.25
ner,2011,6790.4825
ner,2012,6857.715
nga,1970,35196.4
nga,1971,41244.2
nga,1972,46790
nga,1973,52876
nga,1974,59247.8
nga,1975,50227.6
nga,1976,54857.9
nga,1977,51712.5
nga,1978,51402.8
nga,1979,65732.2
nga,1980,61764.7
nga,1981,52352.9
nga,1982,50423.5
nga,1983,50514.2
nga,1984,52726.5
nga,1985,53749.7
nga,1986,54003.2
nga,1987,52538.9
nga,1988,56548.7
nga,1989,61801.1
nga,1990,65221.7
nga,1991,68106.3
nga,1992,72132.3
nga,1993,73635.1
nga,1994,72046.3
nga,1995,76429
nga,1996,82757.3
nga,1997,81362.7
nga,1998,78417.4
nga,1999,77210.7
nga,2000,82741.6
nga,2001,84872.5
nga,2002,78177.8
nga,2003,83059.6
nga,2004,84941
nga,2005,84367.4
nga,2006,93048.5
nga,2007,102391
nga,2008,96143.2
nga,2009,85897.3
nga,2010,88021.5
nga,2011,88901.715
nga,2012,89781.93
nic,1970,4007
nic,1971,3787.63
nic,1972,3817.38
nic,1973,3973.13
nic,1974,4286.67
nic,1975,4460.14
nic,1976,4504.46
nic,1977,4665.84
nic,1978,4673.62
nic,1979,4470.84
nic,1980,3985.05
nic,1981,4001.57
nic,1982,4249.38
nic,1983,3796.05
nic,1984,4127.46
nic,1985,4156.93
nic,1986,3859.88
nic,1987,3619.12
nic,1988,3874.21
nic,1989,4438.59
nic,1990,4811.11
nic,1991,4240.94
nic,1992,4521.1
nic,1993,5035.93
nic,1994,5086.28
nic,1995,4634.88
nic,1996,4624.33
nic,1997,4832.87
nic,1998,5904.26
nic,1999,5194.69
nic,2000,5564.9
nic,2001,5547.16
nic,2002,5644.02
nic,2003,5950.79
nic,2004,5775.63
nic,2005,6044.09
nic,2006,5978.06
nic,2007,6117.7
nic,2008,6198.6
nic,2009,6261.26
nic,2010,6364.58
nic,2011,6428.2258
nic,2012,6491.8716
nld,1970,20203.6
nld,1971,20759.1
nld,1972,21965.7
nld,1973,23320.5
nld,1974,25014.4
nld,1975,25763.4
nld,1976,26345.4
nld,1977,26534.6
nld,1978,26784.6
nld,1979,27439.4
nld,1980,28017.7
nld,1981,27991.1
nld,1982,27655.6
nld,1983,28450.2
nld,1984,29058.7
nld,1985,29459.2
nld,1986,30258.3
nld,1987,29716.5
nld,1988,28642.2
nld,1989,30178.3
nld,1990,30168.9
nld,1991,30799.9
nld,1992,30875.5
nld,1993,30511.5
nld,1994,29922.5
nld,1995,29441.9
nld,1996,29275.2
nld,1997,27868.2
nld,1998,26750.4
nld,1999,25423.8
nld,2000,24411.9
nld,2001,24013.3
nld,2002,22986
nld,2003,22046.9
nld,2004,22270.2
nld,2005,21419.7
nld,2006,20875.8
nld,2007,20543.4
nld,2008,20590
nld,2009,20156.3
nld,2010,20288.2
nld,2011,19593.1422
nld,2012,19025.82239
nor,1970,6865.77
nor,1971,6802.75
nor,1972,7047.88
nor,1973,7087.37
nor,1974,7137.81
nor,1975,7275.39
nor,1976,7678.16
nor,1977,7941.54
nor,1978,8717.37
nor,1979,9454.04
nor,1980,10181.4
nor,1981,10265.8
nor,1982,10365.6
nor,1983,10760.1
nor,1984,11241.2
nor,1985,11530.5
nor,1986,11715.9
nor,1987,12357
nor,1988,12783.6
nor,1989,13822.4
nor,1990,14236.8
nor,1991,14470.3
nor,1992,14899.9
nor,1993,15025.3
nor,1994,15754.4
nor,1995,16260.7
nor,1996,17332.7
nor,1997,17419.3
nor,1998,16836.5
nor,1999,16708.7
nor,2000,17311.7
nor,2001,17608.1
nor,2002,18036.2
nor,2003,18486.8
nor,2004,18231.3
nor,2005,17287
nor,2006,17130.1
nor,2007,17682
nor,2008,17700.7
nor,2009,17407.4
nor,2010,17148
nor,2011,16914.35758
nor,2012,16408.94215
npl,1970,17364.4
npl,1971,17653.1
npl,1972,17303.7
npl,1973,18047.5
npl,1974,18232.9
npl,1975,18596.7
npl,1976,18728.8
npl,1977,18930.5
npl,1978,19058.3
npl,1979,19027.6
npl,1980,19609.6
npl,1981,19675.7
npl,1982,19170.9
npl,1983,19779.9
npl,1984,20081
npl,1985,20061.1
npl,1986,19661.6
npl,1987,20203.1
npl,1988,20346.4
npl,1989,20184.3
npl,1990,20285.7
npl,1991,19905.8
npl,1992,18952.8
npl,1993,19991.4
npl,1994,19773.4
npl,1995,20748.7
npl,1996,20859.9
npl,1997,20888.6
npl,1998,20895.7
npl,1999,21328.6
npl,2000,21206.1
npl,2001,21227.4
npl,2002,21432.3
npl,2003,21815
npl,2004,21977.6
npl,2005,22316.9
npl,2006,22547.3
npl,2007,22806.1
npl,2008,23063.9
npl,2009,23517.9
npl,2010,23512
npl,2011,23747.12
npl,2012,23982.24
nru,1970,1.09907
nru,1971,1.14297
nru,1972,1.18577
nru,1973,1.22361
nru,1974,1.26092
nru,1975,1.28779
nru,1976,1.29523
nru,1977,1.30862
nru,1978,1.33906
nru,1979,1.37235
nru,1980,1.41133
nru,1981,1.45452
nru,1982,1.48895
nru,1983,1.52375
nru,1984,1.5383
nru,1985,1.58712
nru,1986,1.64131
nru,1987,1.6993
nru,1988,1.76607
nru,1989,1.83386
nru,1990,1.91369
nru,1991,1.9935
nru,1992,2.05859
nru,1993,2.12209
nru,1994,2.17656
nru,1995,2.2334
nru,1996,2.28579
nru,1997,2.34118
nru,1998,2.40212
nru,1999,2.46328
nru,2000,2.52435
nru,2001,2.58734
nru,2002,2.64532
nru,2003,2.7004
nru,2004,2.75705
nru,2005,2.81398
nru,2006,2.86459
nru,2007,2.92686
nru,2008,2.99448
nru,2009,3.06831
nru,2010,3.14826
nru,2011,3.17974
nru,2012,3.21123
nzl,1970,25053.8
nzl,1971,24141.5
nzl,1972,25147.1
nzl,1973,24677.5
nzl,1974,24965.2
nzl,1975,25099.3
nzl,1976,25361.9
nzl,1977,25742.4
nzl,1978,25829.9
nzl,1979,25657.2
nzl,1980,27244.2
nzl,1981,27232.2
nzl,1982,27347.7
nzl,1983,27194.2
nzl,1984,27630.1
nzl,1985,27713.4
nzl,1986,28352.7
nzl,1987,27257.5
nzl,1988,27632.8
nzl,1989,26683.7
nzl,1990,26690.4
nzl,1991,26348.4
nzl,1992,26034.4
nzl,1993,26117.6
nzl,1994,26968.8
nzl,1995,27143
nzl,1996,26946
nzl,1997,27280.9
nzl,1998,26669.8
nzl,1999,26464.4
nzl,2000,26583.9
nzl,2001,26818.7
nzl,2002,27434.5
nzl,2003,27539.7
nzl,2004,27658.5
nzl,2005,27516.3
nzl,2006,27816.9
nzl,2007,27618
nzl,2008,27575.6
nzl,2009,27948.1
nzl,2010,28132.9
nzl,2011,28307.4775
nzl,2012,28657.655
omn,1970,4571.47
omn,1971,4578.67
omn,1972,4567.15
omn,1973,4611.12
omn,1974,4738.31
omn,1975,14360.8
omn,1976,15793
omn,1977,15633.4
omn,1978,12873.9
omn,1979,11483.1
omn,1980,6792.68
omn,1981,7634.02
omn,1982,6492.34
omn,1983,7116.65
omn,1984,5597.97
omn,1985,4099.59
omn,1986,5003.23
omn,1987,4917.01
omn,1988,5595.36
omn,1989,5553.15
omn,1990,6167.78
omn,1991,6088.54
omn,1992,6398.03
omn,1993,6675.33
omn,1994,6359.72
omn,1995,6834.25
omn,1996,7162.94
omn,1997,7820.73
omn,1998,7701.88
omn,1999,8478.57
omn,2000,10332.3
omn,2001,12250
omn,2002,12937.5
omn,2003,13988.7
omn,2004,14011.1
omn,2005,14555.1
omn,2006,15302.9
omn,2007,15236.2
omn,2008,15623.2
omn,2009,15781.5
omn,2010,16527.1
omn,2011,16692.371
omn,2012,16857.642
pak,1970,56503
pak,1971,56482.2
pak,1972,56999.7
pak,1973,58194.6
pak,1974,60133.4
pak,1975,62209.3
pak,1976,63556.2
pak,1977,66228.3
pak,1978,68803
pak,1979,70222.7
pak,1980,69857.1
pak,1981,72265.3
pak,1982,73474.9
pak,1983,75026.7
pak,1984,76041.7
pak,1985,76228.4
pak,1986,83224.8
pak,1987,84888.7
pak,1988,87596.8
pak,1989,89121.4
pak,1990,90807.8
pak,1991,92710.9
pak,1992,93584.5
pak,1993,97419.6
pak,1994,98780
pak,1995,101204
pak,1996,105642
pak,1997,108132
pak,1998,111268
pak,1999,114609
pak,2000,117125
pak,2001,119015
pak,2002,122897
pak,2003,129409
pak,2004,134273
pak,2005,138674
pak,2006,142329
pak,2007,146915
pak,2008,150647
pak,2009,154356
pak,2010,155232
pak,2011,156784.32
pak,2012,158336.64
pan,1970,2324.03
pan,1971,2436.43
pan,1972,2512.8
pan,1973,2545.98
pan,1974,2611.21
pan,1975,2654.64
pan,1976,2688.78
pan,1977,2674.97
pan,1978,2663.1
pan,1979,2714.35
pan,1980,2651.57
pan,1981,2697.26
pan,1982,2752.47
pan,1983,2737.69
pan,1984,2722.98
pan,1985,2707.35
pan,1986,2698.63
pan,1987,2691.25
pan,1988,2728.78
pan,1989,2746.09
pan,1990,2769.23
pan,1991,2807.38
pan,1992,2846.28
pan,1993,2885.29
pan,1994,2932.55
pan,1995,2936.84
pan,1996,2928.68
pan,1997,2747.06
pan,1998,2937.43
pan,1999,2769.95
pan,2000,2789.36
pan,2001,3145.51
pan,2002,3155.57
pan,2003,3147.6
pan,2004,3207.01
pan,2005,3224.99
pan,2006,3276.79
pan,2007,3322.56
pan,2008,3373.93
pan,2009,3347.16
pan,2010,3311.55
pan,2011,3344.6655
pan,2012,3377.781
per,1970,13704.3
per,1971,13315.1
per,1972,12917.2
per,1973,12723.4
per,1974,13083.3
per,1975,13019.2
per,1976,13533.7
per,1977,13181.5
per,1978,13234.3
per,1979,13549.5
per,1980,13166.9
per,1981,13610.8
per,1982,13908.2
per,1983,13635.3
per,1984,13814.4
per,1985,13434.8
per,1986,13441.2
per,1987,14348.7
per,1988,13866.9
per,1989,13843.8
per,1990,13575.5
per,1991,13235.5
per,1992,13392.3
per,1993,13729
per,1994,13807.5
per,1995,14553.4
per,1996,14838.1
per,1997,14946.7
per,1998,15717.5
per,1999,15528.8
per,2000,16352.6
per,2001,15281.7
per,2002,15422.8
per,2003,15854.5
per,2004,15691.7
per,2005,16676.3
per,2006,16722
per,2007,17268.9
per,2008,17283.5
per,2009,17913.2
per,2010,18942.6
per,2011,19132.026
per,2012,19321.452
phl,1970,43210.7
phl,1971,44286.6
phl,1972,43447.5
phl,1973,46960.5
phl,1974,46152.3
phl,1975,45269.2
phl,1976,43847.6
phl,1977,43652.7
phl,1978,43625.1
phl,1979,43939.9
phl,1980,42792.4
phl,1981,42439.6
phl,1982,41106.7
phl,1983,40859.1
phl,1984,41007.6
phl,1985,41972.5
phl,1986,42099.9
phl,1987,41024.7
phl,1988,41882.3
phl,1989,42534.6
phl,1990,41547.7
phl,1991,42009.8
phl,1992,41318.9
phl,1993,41601.7
phl,1994,43687.9
phl,1995,44796.2
phl,1996,47850
phl,1997,47845.5
phl,1998,44694.8
phl,1999,49218.1
phl,2000,49911.2
phl,2001,50934
phl,2002,50168.1
phl,2003,50882.1
phl,2004,52140.7
phl,2005,53173.1
phl,2006,54013.3
phl,2007,55297.1
phl,2008,56378
phl,2009,57219.3
phl,2010,56048.8
phl,2011,56609.288
phl,2012,57169.776
plw,1970,0.59674
plw,1971,0.62219
plw,1972,0.64872
plw,1973,0.67549
plw,1974,0.70137
plw,1975,0.72549
plw,1976,0.73581
plw,1977,0.74387
plw,1978,0.75157
plw,1979,0.76201
plw,1980,0.77744
plw,1981,0.81993
plw,1982,0.86848
plw,1983,0.92109
plw,1984,0.97419
plw,1985,1.02489
plw,1986,1.0494
plw,1987,1.06975
plw,1988,1.08833
plw,1989,1.10868
plw,1990,1.13335
plw,1991,1.15179
plw,1992,1.17426
plw,1993,1.19907
plw,1994,1.22373
plw,1995,1.24641
plw,1996,1.26992
plw,1997,1.29147
plw,1998,1.31056
plw,1999,1.32687
plw,2000,1.34017
plw,2001,1.33863
plw,2002,1.33359
plw,2003,1.32612
plw,2004,1.31742
plw,2005,1.30843
plw,2006,1.31332
plw,2007,1.31817
plw,2008,1.32378
plw,2009,1.32889
plw,2010,1.33401
plw,2011,1.34735
plw,2012,1.36069
png,1970,947.533
png,1971,834.958
png,1972,2177.42
png,1973,1193.11
png,1974,939.646
png,1975,968.868
png,1976,1436.28
png,1977,2474.25
png,1978,1332.94
png,1979,1940.71
png,1980,1961.84
png,1981,1918.27
png,1982,7909.71
png,1983,3274.62
png,1984,1838.31
png,1985,1842.24
png,1986,3028.78
png,1987,4870.38
png,1988,1684.72
png,1989,1871.22
png,1990,2424.4
png,1991,5481.97
png,1992,4905.75
png,1993,2604.4
png,1994,4793.95
png,1995,2114.98
png,1996,1839.66
png,1997,13662
png,1998,2480.12
png,1999,1574.1
png,2000,2000.91
png,2001,1891.23
png,2002,2036.85
png,2003,1679.55
png,2004,2106.86
png,2005,1913.68
png,2006,1956.89
png,2007,1814.82
png,2008,1993.82
png,2009,2114.87
png,2010,2100.85
png,2011,2121.8585
png,2012,2142.867
pol,1970,97173.7
pol,1971,100067
pol,1972,103876
pol,1973,108347
pol,1974,112772
pol,1975,117301
pol,1976,120392
pol,1977,123078
pol,1978,126669
pol,1979,129653
pol,1980,125085
pol,1981,110241
pol,1982,121635
pol,1983,134691
pol,1984,135352
pol,1985,136745
pol,1986,134604
pol,1987,135279
pol,1988,132770
pol,1989,125314
pol,1990,107611
pol,1991,102690
pol,1992,99806.2
pol,1993,87012.9
pol,1994,87580.5
pol,1995,85033.2
pol,1996,79021.2
pol,1997,78270.2
pol,1998,70049.2
pol,1999,67079.7
pol,2000,72793.5
pol,2001,72471.3
pol,2002,71689
pol,2003,71581.5
pol,2004,69934.9
pol,2005,70600.3
pol,2006,69934.2
pol,2007,66911.5
pol,2008,65405.2
pol,2009,65319.7
pol,2010,65475.1
pol,2011,65195.43074
pol,2012,65071.20147
pri,1970,1277.47
pri,1971,1294.69
pri,1972,1316.96
pri,1973,1340.67
pri,1974,1334.64
pri,1975,1352.34
pri,1976,1394.47
pri,1977,1430.8
pri,1978,1439.22
pri,1979,1419.01
pri,1980,1384.31
pri,1981,1424.45
pri,1982,1501.22
pri,1983,1568.73
pri,1984,1609.37
pri,1985,1641.98
pri,1986,1681.57
pri,1987,1623.49
pri,1988,1697.62
pri,1989,1767.56
pri,1990,1823.6
pri,1991,1874.02
pri,1992,1710.92
pri,1993,1769.91
pri,1994,1831.12
pri,1995,1821.92
pri,1996,1878.61
pri,1997,1951.06
pri,1998,1997.38
pri,1999,2038.73
pri,2000,2100.72
pri,2001,2141.65
pri,2002,2178.72
pri,2003,2220.35
pri,2004,2205.36
pri,2005,2220.95
pri,2006,2226.77
pri,2007,2244.06
pri,2008,2262.27
pri,2009,2312.21
pri,2010,2358.8
pri,2011,2382.388
pri,2012,2405.976
prk,1970,15006.5
prk,1971,14526.1
prk,1972,14919.2
prk,1973,15873
prk,1974,15518
prk,1975,15855.9
prk,1976,16428.5
prk,1977,17631.4
prk,1978,19757.4
prk,1979,20167.2
prk,1980,21019.5
prk,1981,21467.5
prk,1982,21726.2
prk,1983,23539.2
prk,1984,22761.5
prk,1985,23132.5
prk,1986,23152.8
prk,1987,23459.3
prk,1988,22646.1
prk,1989,21555.8
prk,1990,21625.5
prk,1991,20524.7
prk,1992,20496.9
prk,1993,19234.7
prk,1994,18315.8
prk,1995,17775.1
prk,1996,17280.8
prk,1997,17178.4
prk,1998,15813.5
prk,1999,16813.1
prk,2000,17323.7
prk,2001,17805.8
prk,2002,17479.9
prk,2003,17811.2
prk,2004,18331.6
prk,2005,19300.6
prk,2006,19442
prk,2007,18003.3
prk,2008,18704.3
prk,2009,18480.6
prk,2010,18611.2
prk,2011,18797.312
prk,2012,18983.424
prt,1970,6730.67
prt,1971,6670.58
prt,1972,6788.33
prt,1973,6933.21
prt,1974,6752.52
prt,1975,6787.93
prt,1976,6666.63
prt,1977,7146.32
prt,1978,7554.22
prt,1979,7703.39
prt,1980,8014.44
prt,1981,8222.49
prt,1982,8301.96
prt,1983,8382.7
prt,1984,8304.14
prt,1985,8497.94
prt,1986,8821.44
prt,1987,8948.44
prt,1988,9136.72
prt,1989,9606.6
prt,1990,9866.78
prt,1991,10033.7
prt,1992,10118.4
prt,1993,10247.4
prt,1994,10453.7
prt,1995,10570.9
prt,1996,10787
prt,1997,11163.6
prt,1998,11710.9
prt,1999,11805.3
prt,2000,12289.6
prt,2001,12449.5
prt,2002,12593.1
prt,2003,12949.9
prt,2004,12479
prt,2005,13646.3
prt,2006,12958.7
prt,2007,13010.8
prt,2008,13029.7
prt,2009,12757.3
prt,2010,12599
prt,2011,12881.13364
prt,2012,12976.01829
pry,1970,10145
pry,1971,8333.36
pry,1972,9521.6
pry,1973,8921.37
pry,1974,9490.18
pry,1975,10480.1
pry,1976,12008.8
pry,1977,10727.9
pry,1978,11734.4
pry,1979,11885.6
pry,1980,12300.9
pry,1981,12325
pry,1982,13064.5
pry,1983,13433.6
pry,1984,12350.3
pry,1985,13107.7
pry,1986,13670.2
pry,1987,15214.4
pry,1988,14423.5
pry,1989,14596
pry,1990,15500.9
pry,1991,14373.5
pry,1992,15156.5
pry,1993,16648.5
pry,1994,14926.3
pry,1995,16462.2
pry,1996,16733.4
pry,1997,16856.4
pry,1998,14961.9
pry,1999,18689.7
pry,2000,15184.3
pry,2001,17946.1
pry,2002,16365.9
pry,2003,16081.4
pry,2004,15224.9
pry,2005,15798.5
pry,2006,14562.8
pry,2007,14494.5
pry,2008,14520
pry,2009,15033.6
pry,2010,15927.2
pry,2011,16086.472
pry,2012,16245.744
pyf,1970,40.6673
pyf,1971,41.5339
pyf,1972,41.8183
pyf,1973,42.0689
pyf,1974,42.2605
pyf,1975,43.5606
pyf,1976,44.6056
pyf,1977,45.7915
pyf,1978,47.2106
pyf,1979,48.3516
pyf,1980,50.9641
pyf,1981,56.5553
pyf,1982,56.854
pyf,1983,56.9163
pyf,1984,59.8358
pyf,1985,64.4886
pyf,1986,65.9715
pyf,1987,65.7464
pyf,1988,67.779
pyf,1989,69.8286
pyf,1990,70.6834
pyf,1991,72.5529
pyf,1992,74.8705
pyf,1993,76.8118
pyf,1994,77.4795
pyf,1995,77.7781
pyf,1996,78.1545
pyf,1997,77.6425
pyf,1998,79.776
pyf,1999,81.6546
pyf,2000,84.1631
pyf,2001,84.2617
pyf,2002,83.9911
pyf,2003,85.8599
pyf,2004,85.8839
pyf,2005,88.1548
pyf,2006,89.0267
pyf,2007,91.0906
pyf,2008,93.1814
pyf,2009,95.172
pyf,2010,97.1142
pyf,2011,98.08534
pyf,2012,99.05648
qat,1970,4775.99
qat,1971,5702.04
qat,1972,6747.02
qat,1973,7483.03
qat,1974,6395.48
qat,1975,5757.76
qat,1976,5753.32
qat,1977,5014.63
qat,1978,5646.55
qat,1979,5128.53
qat,1980,4224.64
qat,1981,3251.15
qat,1982,3263.89
qat,1983,2818.15
qat,1984,4218.61
qat,1985,3783.31
qat,1986,3987.27
qat,1987,3956.06
qat,1988,4096.67
qat,1989,4343.91
qat,1990,4399.54
qat,1991,4593.94
qat,1992,4827.64
qat,1993,4900.27
qat,1994,5009.92
qat,1995,5034.04
qat,1996,5720.73
qat,1997,8603.23
qat,1998,9446.69
qat,1999,11774.1
qat,2000,13258.2
qat,2001,13459
qat,2002,14223.5
qat,2003,15442.1
qat,2004,18028.9
qat,2005,18799.8
qat,2006,20850.2
qat,2007,23870.6
qat,2008,28466.8
qat,2009,31543.2
qat,2010,40317.7
qat,2011,40720.877
qat,2012,41124.054
rou,1970,32424.7
rou,1971,33208.1
rou,1972,34016.9
rou,1973,35119.7
rou,1974,35710
rou,1975,36425.5
rou,1976,37472.1
rou,1977,38718.3
rou,1978,39142.4
rou,1979,39592.9
rou,1980,39925.5
rou,1981,40733.3
rou,1982,40763.2
rou,1983,49159.8
rou,1984,42498.9
rou,1985,43071.1
rou,1986,42195.5
rou,1987,41980.9
rou,1988,42059.9
rou,1989,40031.1
rou,1990,37405.8
rou,1991,32940.9
rou,1992,29566.8
rou,1993,27374.6
rou,1994,28949.9
rou,1995,28410.1
rou,1996,29276.9
rou,1997,27504.5
rou,1998,26116.1
rou,1999,25227.6
rou,2000,25139.3
rou,2001,24394.5
rou,2002,24304.8
rou,2003,25769.8
rou,2004,26139.9
rou,2005,25976.9
rou,2006,26509
rou,2007,26679.1
rou,2008,26832.3
rou,2009,26244.8
rou,2010,26116
rou,2011,25976.24195
rou,2012,25707.73391
rus,1970,338496
rus,1971,344005
rus,1972,366735
rus,1973,369515
rus,1974,380300
rus,1975,395119
rus,1976,411531
rus,1977,420972
rus,1978,434155
rus,1979,446764
rus,1980,460809
rus,1981,474129
rus,1982,492411
rus,1983,504821
rus,1984,525561
rus,1985,540792
rus,1986,562391
rus,1987,577899
rus,1988,600128
rus,1989,611597
rus,1990,624883
rus,1991,601461
rus,1992,576744
rus,1993,553641
rus,1994,514496
rus,1995,485644
rus,1996,490520
rus,1997,451678
rus,1998,498651
rus,1999,455382
rus,2000,465970
rus,2001,470194
rus,2002,489125
rus,2003,509646
rus,2004,486820
rus,2005,494483
rus,2006,495215
rus,2007,504013
rus,2008,511550
rus,2009,507742
rus,2010,533546
rus,2011,539682.7905
rus,2012,545818.581
rwa,1970,1301.73
rwa,1971,1296.13
rwa,1972,1309.59
rwa,1973,1346.54
rwa,1974,1322.46
rwa,1975,1352.83
rwa,1976,1344.85
rwa,1977,1381.66
rwa,1978,1431.97
rwa,1979,1387.75
rwa,1980,1416.02
rwa,1981,1429.12
rwa,1982,1477.69
rwa,1983,1516.95
rwa,1984,1520.73
rwa,1985,1582.21
rwa,1986,1574.99
rwa,1987,1591.46
rwa,1988,1586.03
rwa,1989,1682.27
rwa,1990,1484.52
rwa,1991,1510.8
rwa,1992,1545.5
rwa,1993,1472.51
rwa,1994,1429.84
rwa,1995,1552.51
rwa,1996,1655.71
rwa,1997,1848.37
rwa,1998,2030.76
rwa,1999,2161.86
rwa,2000,2015.96
rwa,2001,2117.38
rwa,2002,2192.47
rwa,2003,2422.07
rwa,2004,2618.07
rwa,2005,2520.2
rwa,2006,2652.59
rwa,2007,2692.98
rwa,2008,2741.11
rwa,2009,2768.81
rwa,2010,2883.92
rwa,2011,2912.7592
rwa,2012,2941.5984
sau,1970,31739.8
sau,1971,37646.4
sau,1972,48956.9
sau,1973,65443.6
sau,1974,69149.4
sau,1975,54767.1
sau,1976,68335.2
sau,1977,70060.5
sau,1978,63278.6
sau,1979,68065.9
sau,1980,76074.1
sau,1981,62792.3
sau,1982,50732.1
sau,1983,41601.2
sau,1984,27459.4
sau,1985,23471
sau,1986,28316.5
sau,1987,26625.3
sau,1988,31150.1
sau,1989,32461.3
sau,1990,30762.7
sau,1991,35754.1
sau,1992,37189.8
sau,1993,37642.9
sau,1994,39424.1
sau,1995,39412.3
sau,1996,40566.2
sau,1997,41396.9
sau,1998,42166.6
sau,1999,40104.8
sau,2000,43294
sau,2001,43061.3
sau,2002,44919.7
sau,2003,48996.9
sau,2004,50607.5
sau,2005,53574.1
sau,2006,54734.3
sau,2007,54662
sau,2008,57885.5
sau,2009,57241.9
sau,2010,60310.1
sau,2011,61606.77737
sau,2012,62903.44473
sdn,1970,31752.1
sdn,1971,31609.4
sdn,1972,31687.2
sdn,1973,34499
sdn,1974,30622.1
sdn,1975,32881.6
sdn,1976,33791.5
sdn,1977,36701.3
sdn,1978,34269.7
sdn,1979,37261.3
sdn,1980,42956
sdn,1981,40147.7
sdn,1982,44415.7
sdn,1983,42771
sdn,1984,43103.7
sdn,1985,41242.3
sdn,1986,40014.9
sdn,1987,40821.3
sdn,1988,39448.5
sdn,1989,41807.3
sdn,1990,47141.3
sdn,1991,42507.6
sdn,1992,48878.1
sdn,1993,49619.3
sdn,1994,52144.7
sdn,1995,55134.1
sdn,1996,56007.4
sdn,1997,57945.5
sdn,1998,58688.8
sdn,1999,63112.3
sdn,2000,64406.4
sdn,2001,65621.6
sdn,2002,67796.9
sdn,2003,66998
sdn,2004,67288.7
sdn,2005,70660.8
sdn,2006,85745.4
sdn,2007,125045
sdn,2008,100992
sdn,2009,101835
sdn,2010,94638.7
sdn,2011,95585.087
sdn,2012,96531.474
sen,1970,4605.16
sen,1971,4626.57
sen,1972,4386.1
sen,1973,4329.59
sen,1974,4233.23
sen,1975,4382.31
sen,1976,4459.33
sen,1977,4616.51
sen,1978,4637.66
sen,1979,4646.17
sen,1980,4655.24
sen,1981,4541.82
sen,1982,4745.84
sen,1983,4499.83
sen,1984,4564.64
sen,1985,4693.36
sen,1986,4926.98
sen,1987,5183.4
sen,1988,5149.55
sen,1989,5356.05
sen,1990,5627.79
sen,1991,5486.99
sen,1992,5765.88
sen,1993,5838.83
sen,1994,5988.17
sen,1995,6184.74
sen,1996,6338.66
sen,1997,6496.39
sen,1998,6647.59
sen,1999,7151.48
sen,2000,7077.53
sen,2001,7207.61
sen,2002,7151.26
sen,2003,6990.25
sen,2004,7396.64
sen,2005,7661.71
sen,2006,7723.03
sen,2007,8466.37
sen,2008,9131.23
sen,2009,9296.24
sen,2010,9732.99
sen,2011,9830.3199
sen,2012,9927.6498
sgp,1970,658.143
sgp,1971,652.114
sgp,1972,697.571
sgp,1973,747.549
sgp,1974,734.819
sgp,1975,712.597
sgp,1976,737.897
sgp,1977,799.168
sgp,1978,806.06
sgp,1979,814.132
sgp,1980,840.063
sgp,1981,868.289
sgp,1982,873.2
sgp,1983,917.166
sgp,1984,875.8
sgp,1985,843.804
sgp,1986,862.137
sgp,1987,880.096
sgp,1988,870.598
sgp,1989,882.279
sgp,1990,980.765
sgp,1991,1105.5
sgp,1992,1238.01
sgp,1993,1363.89
sgp,1994,1484.24
sgp,1995,1550.06
sgp,1996,1596
sgp,1997,1602.79
sgp,1998,1572.59
sgp,1999,1586.38
sgp,2000,1684.38
sgp,2001,1869.86
sgp,2002,2154.59
sgp,2003,2170.82
sgp,2004,2215.46
sgp,2005,2274.45
sgp,2006,2285.02
sgp,2007,2317.04
sgp,2008,2337.69
sgp,2009,2307.58
sgp,2010,2339.02
sgp,2011,2362.4102
sgp,2012,2385.8004
slb,1970,1631.18
slb,1971,1605.38
slb,1972,1624.59
slb,1973,1659.54
slb,1974,1558
slb,1975,1700.73
slb,1976,1677.24
slb,1977,1791.06
slb,1978,1926.31
slb,1979,1883.33
slb,1980,1912.46
slb,1981,2022.11
slb,1982,2124.68
slb,1983,2013.06
slb,1984,2044.81
slb,1985,2119.24
slb,1986,2139.33
slb,1987,2172.36
slb,1988,2263.46
slb,1989,2237.68
slb,1990,2045.79
slb,1991,1563.68
slb,1992,1135.52
slb,1993,1243.9
slb,1994,1351.73
slb,1995,1406.45
slb,1996,1439.78
slb,1997,1462.4
slb,1998,1411.26
slb,1999,1362.73
slb,2000,1394.02
slb,2001,1438.42
slb,2002,1444.6
slb,2003,1450.88
slb,2004,1453.31
slb,2005,1443.74
slb,2006,1440.34
slb,2007,1434.31
slb,2008,1429.7
slb,2009,1427.43
slb,2010,1420.74
slb,2011,1434.9474
slb,2012,1449.1548
sle,1970,2554.35
sle,1971,2605.8
sle,1972,2574.52
sle,1973,2645.33
sle,1974,2495.13
sle,1975,2571.7
sle,1976,2660.07
sle,1977,2815.97
sle,1978,2718.45
sle,1979,2706.3
sle,1980,2923.67
sle,1981,2706.34
sle,1982,2836.77
sle,1983,2685.14
sle,1984,2534.39
sle,1985,2506.88
sle,1986,2530.42
sle,1987,2603.84
sle,1988,2609.32
sle,1989,2717.95
sle,1990,2909.32
sle,1991,2614.87
sle,1992,2733.87
sle,1993,2710.12
sle,1994,2602.71
sle,1995,2663.84
sle,1996,2679.54
sle,1997,2823.19
sle,1998,2816.77
sle,1999,2495
sle,2000,2356.7
sle,2001,2790.2
sle,2002,2598.07
sle,2003,2677.78
sle,2004,2746.95
sle,2005,2472.49
sle,2006,3505.4
sle,2007,4838.4
sle,2008,4635.27
sle,2009,3938.69
sle,2010,3286.31
sle,2011,3319.1731
sle,2012,3352.0362
slv,1970,2238.92
slv,1971,2137.06
slv,1972,2204.75
slv,1973,2093.93
slv,1974,2176.64
slv,1975,2237.24
slv,1976,2349.11
slv,1977,2559.49
slv,1978,2673.69
slv,1979,2751.86
slv,1980,2545.59
slv,1981,2415.21
slv,1982,2258.99
slv,1983,2248.44
slv,1984,2293.36
slv,1985,2381.65
slv,1986,2396.05
slv,1987,2465.08
slv,1988,2512.02
slv,1989,2580.13
slv,1990,2672.94
slv,1991,2766.2
slv,1992,2835.07
slv,1993,2772.61
slv,1994,2849.81
slv,1995,2694.97
slv,1996,2938.7
slv,1997,2850.64
slv,1998,2728.94
slv,1999,2888.29
slv,2000,2797.48
slv,2001,3001.94
slv,2002,3229.05
slv,2003,3085.22
slv,2004,3124.67
slv,2005,3152.02
slv,2006,3194.83
slv,2007,3093.8
slv,2008,3126.75
slv,2009,2984.23
slv,2010,2972.67
slv,2011,3002.3967
slv,2012,3032.1234
som,1970,9541.55
som,1971,9542.03
som,1972,9722.14
som,1973,9611.74
som,1974,9669.57
som,1975,10273
som,1976,10300.3
som,1977,10891.8
som,1978,11656.5
som,1979,11655.3
som,1980,11616.2
som,1981,11998.2
som,1982,12312.8
som,1983,12069.3
som,1984,12267.7
som,1985,12691.1
som,1986,12818.6
som,1987,13333.6
som,1988,13928.7
som,1989,13931.7
som,1990,13062.4
som,1991,12039.3
som,1992,11500.4
som,1993,12426.5
som,1994,13312
som,1995,13657.4
som,1996,13972.4
som,1997,14303.6
som,1998,14507.1
som,1999,14804.3
som,2000,14979.3
som,2001,15238.9
som,2002,15476.2
som,2003,15668.4
som,2004,15758.8
som,2005,15727.5
som,2006,15774.8
som,2007,15797.4
som,2008,15851.4
som,2009,15809.3
som,2010,15888.1
som,2011,16046.981
som,2012,16205.862
srb,1990,11939.7
srb,2000,8650.9
srb,2005,7563
srb,2008,6726.4
srb,2010,6589
stp,1970,17.4334
stp,1971,17.545
stp,1972,17.4706
stp,1973,18.0487
stp,1974,18.1641
stp,1975,18.6147
stp,1976,19.2807
stp,1977,19.611
stp,1978,20.0942
stp,1979,20.4102
stp,1980,20.8188
stp,1981,22.4422
stp,1982,22.4448
stp,1983,23.3761
stp,1984,24.2681
stp,1985,24.7886
stp,1986,25.499
stp,1987,26.2614
stp,1988,27.0807
stp,1989,27.7706
stp,1990,28.7702
stp,1991,29.6242
stp,1992,30.4404
stp,1993,31.0114
stp,1994,32.1
stp,1995,32.876
stp,1996,33.5882
stp,1997,34.3934
stp,1998,35.0247
stp,1999,35.8096
stp,2000,36.9521
stp,2001,37.6142
stp,2002,38.5383
stp,2003,39.5401
stp,2004,40.3615
stp,2005,41.2023
stp,2006,41.9249
stp,2007,42.7445
stp,2008,43.5661
stp,2009,44.4738
stp,2010,45.2873
stp,2011,45.74017
stp,2012,46.19305
sur,1970,941.366
sur,1971,761.689
sur,1972,812.729
sur,1973,809.029
sur,1974,820.867
sur,1975,902.457
sur,1976,981.111
sur,1977,852.442
sur,1978,997.015
sur,1979,1061.3
sur,1980,1143.86
sur,1981,1129.81
sur,1982,1165.08
sur,1983,1168.27
sur,1984,1045.7
sur,1985,1063.75
sur,1986,1096.37
sur,1987,1166.92
sur,1988,1043.99
sur,1989,1046.35
sur,1990,986.594
sur,1991,1005.58
sur,1992,1105.44
sur,1993,1067.74
sur,1994,836.553
sur,1995,923.12
sur,1996,914.578
sur,1997,851.938
sur,1998,769.644
sur,1999,631.204
sur,2000,617.973
sur,2001,718.647
sur,2002,800.922
sur,2003,712.254
sur,2004,974.092
sur,2005,670.266
sur,2006,594.373
sur,2007,598.859
sur,2008,594.389
sur,2009,686.87
sur,2010,695.478
sur,2011,702.43278
sur,2012,709.38756
svk,1970,4574.45
svk,1971,4673.26
svk,1972,4810.07
svk,1973,4940.12
svk,1974,5031.35
svk,1975,5198.74
svk,1976,5245.35
svk,1977,5413.99
svk,1978,5664.62
svk,1979,5739.45
svk,1980,5672.82
svk,1981,5779.45
svk,1982,5956.86
svk,1983,6123.54
svk,1984,6261.16
svk,1985,6266.81
svk,1986,6240.08
svk,1987,6276.88
svk,1988,6399.13
svk,1989,6466.56
svk,1990,6451.18
svk,1991,6091.15
svk,1992,5547.46
svk,1993,5014.15
svk,1994,4545.9
svk,1995,4445.28
svk,1996,4547.92
svk,1997,4585.67
svk,1998,4327.74
svk,1999,4291.81
svk,2000,4433.69
svk,2001,4624.87
svk,2002,4547
svk,2003,4377.38
svk,2004,4172.25
svk,2005,4063.57
svk,2006,4088.4
svk,2007,4061.56
svk,2008,4014.64
svk,2009,4057.92
svk,2010,3984.68
svk,2011,4066.24403
svk,2012,4074.57406
svn,1970,2098.6
svn,1971,2149.22
svn,1972,2167.45
svn,1973,2257.31
svn,1974,2392.66
svn,1975,2533.41
svn,1976,2534.81
svn,1977,2576.03
svn,1978,2599.41
svn,1979,2624.48
svn,1980,2591.08
svn,1981,2695.17
svn,1982,2761.1
svn,1983,2799.97
svn,1984,2861.74
svn,1985,2865.6
svn,1986,2841.59
svn,1987,2875.23
svn,1988,2856.13
svn,1989,2820.53
svn,1990,3033.76
svn,1991,2912.58
svn,1992,2747.77
svn,1993,2719.27
svn,1994,2588.77
svn,1995,2655.99
svn,1996,2665.38
svn,1997,2800.61
svn,1998,2747.43
svn,1999,2713.52
svn,2000,2871.1
svn,2001,2907.72
svn,2002,2995.69
svn,2003,3000.19
svn,2004,2973.56
svn,2005,2980.19
svn,2006,2972.35
svn,2007,2969.29
svn,2008,2912.93
svn,2009,2889.12
svn,2010,2901.13
svn,2011,2855.43078
svn,2012,2821.74456
swe,1970,10081.5
swe,1971,9934.81
swe,1972,10011.5
swe,1973,10312.7
swe,1974,10352.4
swe,1975,10199.6
swe,1976,10204.9
swe,1977,10225.6
swe,1978,10330.6
swe,1979,10544.7
swe,1980,10596.4
swe,1981,10586.6
swe,1982,10500.7
swe,1983,10334.1
swe,1984,10796.4
swe,1985,11010.4
swe,1986,10882.6
swe,1987,10958.6
swe,1988,11190.7
swe,1989,11364.8
swe,1990,11521
swe,1991,11220.9
swe,1992,11307.9
swe,1993,11421.8
swe,1994,11538
swe,1995,11586.1
swe,1996,11574.8
swe,1997,11544.4
swe,1998,11582.6
swe,1999,11358.5
swe,2000,11467.4
swe,2001,11460.6
swe,2002,11193.8
swe,2003,11329.5
swe,2004,11548.3
swe,2005,11509.2
swe,2006,11622.9
swe,2007,11532.5
swe,2008,11394.7
swe,2009,10479.8
swe,2010,10817.5
swe,2011,10392.75608
swe,2012,10304.22315
swz,1970,921.193
swz,1971,929.902
swz,1972,948.902
swz,1973,968.562
swz,1974,975.633
swz,1975,1004.5
swz,1976,1015.36
swz,1977,1023
swz,1978,1039.46
swz,1979,1063.66
swz,1980,1049.49
swz,1981,1047.28
swz,1982,1030.53
swz,1983,1038.06
swz,1984,1032.27
swz,1985,1070.43
swz,1986,1080.75
swz,1987,1077.83
swz,1988,1076.35
swz,1989,1119.18
swz,1990,1134.11
swz,1991,1124.9
swz,1992,1211.66
swz,1993,1078.77
swz,1994,1131.95
swz,1995,1149.72
swz,1996,1186.33
swz,1997,1229.72
swz,1998,1151.4
swz,1999,1144.49
swz,2000,1193.08
swz,2001,1112.22
swz,2002,1120.82
swz,2003,1112.84
swz,2004,1201.28
swz,2005,1195.96
swz,2006,1237.84
swz,2007,1271.84
swz,2008,1292.13
swz,2009,1296.78
swz,2010,1350.02
swz,2011,1363.5202
swz,2012,1377.0204
syc,1970,8.89781
syc,1971,9.39112
syc,1972,9.99064
syc,1973,10.3746
syc,1974,10.8995
syc,1975,11.3618
syc,1976,11.5629
syc,1977,11.6173
syc,1978,12.1412
syc,1979,12.8227
syc,1980,13.4373
syc,1981,13.7693
syc,1982,13.658
syc,1983,13.9186
syc,1984,14.0599
syc,1985,14.7833
syc,1986,15.2125
syc,1987,15.5586
syc,1988,16.5441
syc,1989,16.8906
syc,1990,17.8085
syc,1991,18.3949
syc,1992,18.5026
syc,1993,18.7412
syc,1994,19.0292
syc,1995,19.1422
syc,1996,19.0867
syc,1997,19.4026
syc,1998,19.1998
syc,1999,19.3083
syc,2000,19.6699
syc,2001,20.0163
syc,2002,20.5836
syc,2003,20.7766
syc,2004,21.3625
syc,2005,21.459
syc,2006,21.8733
syc,2007,22.5118
syc,2008,23.152
syc,2009,23.069
syc,2010,23.6724
syc,2011,23.90912
syc,2012,24.14585
syr,1970,2425.01
syr,1971,2388.52
syr,1972,2411.92
syr,1973,2338.2
syr,1974,2525.56
syr,1975,2849.41
syr,1976,3218.31
syr,1977,3409.03
syr,1978,3669.91
syr,1979,3635.01
syr,1980,3857.08
syr,1981,4186.26
syr,1982,4291.51
syr,1983,4541.55
syr,1984,4448.37
syr,1985,4333.56
syr,1986,4224.75
syr,1987,7130.25
syr,1988,7166.72
syr,1989,7046.98
syr,1990,8383
syr,1991,9358.72
syr,1992,10019.2
syr,1993,10261.9
syr,1994,10104.7
syr,1995,10613
syr,1996,10976.3
syr,1997,11527.9
syr,1998,12221.6
syr,1999,12307.7
syr,2000,12605.4
syr,2001,11401.9
syr,2002,11434.8
syr,2003,11723.1
syr,2004,11908.3
syr,2005,11896
syr,2006,12126.7
syr,2007,12355.9
syr,2008,12497.9
syr,2009,12405.1
syr,2010,12532.2
syr,2011,12657.522
syr,2012,12782.844
tca,1970,1.39518
tca,1971,1.40212
tca,1972,1.3937
tca,1973,1.39005
tca,1974,1.3604
tca,1975,1.32297
tca,1976,1.31604
tca,1977,1.32738
tca,1978,1.36202
tca,1979,1.41385
tca,1980,1.47454
tca,1981,1.55737
tca,1982,1.65441
tca,1983,1.76393
tca,1984,1.87045
tca,1985,1.98673
tca,1986,2.05357
tca,1987,2.11143
tca,1988,2.17559
tca,1989,2.23467
tca,1990,2.30468
tca,1991,2.39528
tca,1992,4.26824
tca,1993,2.63015
tca,1994,2.75684
tca,1995,2.87808
tca,1996,3.00656
tca,1997,3.13446
tca,1998,3.28609
tca,1999,3.44505
tca,2000,3.62848
tca,2001,3.83752
tca,2002,4.05909
tca,2003,4.29729
tca,2004,4.54123
tca,2005,4.77212
tca,2006,5.0207
tca,2007,5.27503
tca,2008,5.51817
tca,2009,5.76022
tca,2010,6.00539
tca,2011,6.06544
tca,2012,6.1255
tcd,1970,8043.48
tcd,1971,8021.39
tcd,1972,8281.84
tcd,1973,8186.09
tcd,1974,6281.04
tcd,1975,6690.7
tcd,1976,6981.24
tcd,1977,7975.76
tcd,1978,7452.12
tcd,1979,7998.19
tcd,1980,9191.55
tcd,1981,8286.3
tcd,1982,9107.04
tcd,1983,8650.17
tcd,1984,7746.56
tcd,1985,7249.58
tcd,1986,7548.51
tcd,1987,8012.16
tcd,1988,7889.66
tcd,1989,8573.47
tcd,1990,10037.6
tcd,1991,8806.56
tcd,1992,9706.56
tcd,1993,9363
tcd,1994,9403.24
tcd,1995,10161.1
tcd,1996,10129.6
tcd,1997,10847.5
tcd,1998,10694.2
tcd,1999,11475.1
tcd,2000,11831.5
tcd,2001,11677
tcd,2002,11861.5
tcd,2003,12904.6
tcd,2004,13684.7
tcd,2005,12915.6
tcd,2006,17305.7
tcd,2007,16451.2
tcd,2008,18129.2
tcd,2009,17231.9
tcd,2010,18003.8
tcd,2011,18183.838
tcd,2012,18363.876
tgo,1970,2056.17
tgo,1971,1998.31
tgo,1972,1982.32
tgo,1973,2087.76
tgo,1974,1748.58
tgo,1975,1886.03
tgo,1976,1957.24
tgo,1977,2226.86
tgo,1978,1990.69
tgo,1979,2128.68
tgo,1980,2462.64
tgo,1981,2157.31
tgo,1982,2508.22
tgo,1983,2332.3
tgo,1984,2362.35
tgo,1985,2227.24
tgo,1986,2313.93
tgo,1987,2436.52
tgo,1988,2459.46
tgo,1989,2593.85
tgo,1990,3089.46
tgo,1991,2638.16
tgo,1992,2855.79
tgo,1993,2814.16
tgo,1994,2910.95
tgo,1995,3081.4
tgo,1996,3235.42
tgo,1997,3354.52
tgo,1998,3084.78
tgo,1999,3188.51
tgo,2000,3439.56
tgo,2001,3321.49
tgo,2002,3625.11
tgo,2003,3096
tgo,2004,3115.2
tgo,2005,3731.82
tgo,2006,3391.76
tgo,2007,5397.15
tgo,2008,5866.03
tgo,2009,5364.91
tgo,2010,5237.91
tgo,2011,5290.2891
tgo,2012,5342.6682
tha,1970,71443.5
tha,1971,71030
tha,1972,69003.8
tha,1973,75653.5
tha,1974,71450.7
tha,1975,77514.6
tha,1976,76899.6
tha,1977,81201.2
tha,1978,83447.9
tha,1979,80696.7
tha,1980,83135.1
tha,1981,83228.3
tha,1982,82550.7
tha,1983,87458.1
tha,1984,85168.5
tha,1985,86503.9
tha,1986,83951.7
tha,1987,85135.3
tha,1988,88616.7
tha,1989,88562.2
tha,1990,84983
tha,1991,87965.9
tha,1992,90121.4
tha,1993,85217.4
tha,1994,86872.6
tha,1995,85439.7
tha,1996,83897
tha,1997,86462.6
tha,1998,84499.7
tha,1999,84348.6
tha,2000,83563.8
tha,2001,84689.2
tha,2002,85723.5
tha,2003,84480.2
tha,2004,88673.4
tha,2005,89549.1
tha,2006,91237.3
tha,2007,95354.4
tha,2008,97661.4
tha,2009,99052.6
tha,2010,104411
tha,2011,105455.11
tha,2012,106499.22
tjk,1970,2814.4
tjk,1971,2933.08
tjk,1972,3024.7
tjk,1973,3094.58
tjk,1974,3193.29
tjk,1975,3278.22
tjk,1976,3302.51
tjk,1977,3309.75
tjk,1978,3367
tjk,1979,3396.79
tjk,1980,3427.03
tjk,1981,3426.24
tjk,1982,3473.95
tjk,1983,3530.52
tjk,1984,3615.05
tjk,1985,3652.94
tjk,1986,3714.06
tjk,1987,3780.62
tjk,1988,3987.46
tjk,1989,4150.65
tjk,1990,4299.13
tjk,1991,4164.81
tjk,1992,4041.71
tjk,1993,3753.51
tjk,1994,3718.95
tjk,1995,3595.79
tjk,1996,3434.59
tjk,1997,3375.75
tjk,1998,3292.67
tjk,1999,3297.66
tjk,2000,3303.67
tjk,2001,3338.53
tjk,2002,3396.62
tjk,2003,3507.24
tjk,2004,3674.12
tjk,2005,3885
tjk,2006,4073.42
tjk,2007,4307.68
tjk,2008,4507.7
tjk,2009,4746.65
tjk,2010,4942.78
tjk,2011,5175.17231
tjk,2012,5407.57461
tkm,1970,10820.8
tkm,1971,10985.6
tkm,1972,11381.9
tkm,1973,12050
tkm,1974,13026
tkm,1975,14108.1
tkm,1976,15282.3
tkm,1977,16257.1
tkm,1978,17321.4
tkm,1979,18153.3
tkm,1980,19199
tkm,1981,20138.6
tkm,1982,21357.7
tkm,1983,22577.8
tkm,1984,23779.3
tkm,1985,25232
tkm,1986,26308.9
tkm,1987,27415.4
tkm,1988,28962.9
tkm,1989,29645
tkm,1990,29864.5
tkm,1991,29543.1
tkm,1992,21898.1
tkm,1993,25230
tkm,1994,17197.3
tkm,1995,16574.5
tkm,1996,15969.5
tkm,1997,10616.5
tkm,1998,10620.3
tkm,1999,14283.1
tkm,2000,21241.2
tkm,2001,23389.3
tkm,2002,25542.9
tkm,2003,28390.6
tkm,2004,28724.3
tkm,2005,29543.6
tkm,2006,30054
tkm,2007,31847.1
tkm,2008,32876
tkm,2009,24457
tkm,2010,26545.9
tkm,2011,24277.22975
tkm,2012,22008.5695
tls,1970,411.555
tls,1971,425.537
tls,1972,461.216
tls,1973,469.317
tls,1974,462.433
tls,1975,438.728
tls,1976,399.748
tls,1977,362.252
tls,1978,334.324
tls,1979,290.291
tls,1980,275.436
tls,1981,281.058
tls,1982,292.498
tls,1983,309.75
tls,1984,331.988
tls,1985,332.353
tls,1986,333.915
tls,1987,331.719
tls,1988,312.268
tls,1989,319.432
tls,1990,340.472
tls,1991,404.713
tls,1992,380.516
tls,1993,392.784
tls,1994,530.913
tls,1995,602.546
tls,1996,463.498
tls,1997,441.214
tls,1998,461.378
tls,1999,402.412
tls,2000,449.991
tls,2001,598.356
tls,2002,606.863
tls,2003,658.73
tls,2004,672.508
tls,2005,676.722
tls,2006,685.737
tls,2007,689.243
tls,2008,696.937
tls,2009,706.55
tls,2010,717.718
tls,2011,724.89518
tls,2012,732.07236
ton,1970,32.1751
ton,1971,31.398
ton,1972,31.4919
ton,1973,34.7612
ton,1974,36.5141
ton,1975,41.0366
ton,1976,44.9521
ton,1977,49.6965
ton,1978,59.6051
ton,1979,60.2291
ton,1980,61.043
ton,1981,67.7142
ton,1982,61.9507
ton,1983,52.5832
ton,1984,47.1306
ton,1985,53.7706
ton,1986,55.95
ton,1987,61.4544
ton,1988,65.723
ton,1989,60.8121
ton,1990,56.5439
ton,1991,56.7256
ton,1992,58.7903
ton,1993,58.5883
ton,1994,57.6979
ton,1995,55.0303
ton,1996,55.3492
ton,1997,55.3256
ton,1998,55.3717
ton,1999,56.583
ton,2000,58.0349
ton,2001,58.2171
ton,2002,58.3012
ton,2003,58.4972
ton,2004,58.722
ton,2005,58.9654
ton,2006,59.2148
ton,2007,59.4959
ton,2008,59.7357
ton,2009,60.0006
ton,2010,60.2443
ton,2011,60.84674
ton,2012,61.44919
tto,1970,1595.85
tto,1971,1584.13
tto,1972,1623.34
tto,1973,1745.89
tto,1974,1902.4
tto,1975,1935.56
tto,1976,2048.54
tto,1977,2153.66
tto,1978,2205.72
tto,1979,2202.93
tto,1980,2379.11
tto,1981,2385.8
tto,1982,2830.22
tto,1983,2911.56
tto,1984,3058.63
tto,1985,3278.35
tto,1986,3213.97
tto,1987,3259.8
tto,1988,3339.07
tto,1989,3176.15
tto,1990,3037.59
tto,1991,3085.95
tto,1992,3153.27
tto,1993,3053.12
tto,1994,3249.8
tto,1995,3095.25
tto,1996,3587.25
tto,1997,3617.28
tto,1998,4065.52
tto,1999,4804.45
tto,2000,5555.71
tto,2001,5973.48
tto,2002,6781.81
tto,2003,9186.36
tto,2004,10136.7
tto,2005,11094.3
tto,2006,13000.8
tto,2007,13485.2
tto,2008,13543
tto,2009,13982.8
tto,2010,14498.6
tto,2011,14643.586
tto,2012,14788.572
tun,1970,2530.9
tun,1971,2679.67
tun,1972,2792.33
tun,1973,2867.54
tun,1974,3004.74
tun,1975,3128.94
tun,1976,3105.76
tun,1977,3205.95
tun,1978,3068.09
tun,1979,2873.72
tun,1980,3057.2
tun,1981,3089.21
tun,1982,3212.3
tun,1983,3373.25
tun,1984,3521.24
tun,1985,3713.11
tun,1986,3769.7
tun,1987,3938.42
tun,1988,3913.37
tun,1989,3983.57
tun,1990,4059.03
tun,1991,4269.71
tun,1992,4529.58
tun,1993,4753.73
tun,1994,4886.92
tun,1995,5086.01
tun,1996,5678.36
tun,1997,6080.37
tun,1998,6463.48
tun,1999,6685.61
tun,2000,6883.29
tun,2001,7045.49
tun,2002,7095.08
tun,2003,7033.88
tun,2004,7136.61
tun,2005,7248.34
tun,2006,7401.5
tun,2007,6801.62
tun,2008,6950.67
tun,2009,7247.01
tun,2010,7497.24
tun,2011,7572.2124
tun,2012,7647.1848
tur,1970,32789.2
tur,1971,32640.8
tur,1972,33238.7
tur,1973,33928
tur,1974,34717.2
tur,1975,35192.9
tur,1976,36206.7
tur,1977,36929.8
tur,1978,37836.2
tur,1979,38679.1
tur,1980,39597.1
tur,1981,41514.6
tur,1982,42416.9
tur,1983,41675
tur,1984,42264.2
tur,1985,40141.5
tur,1986,41535.3
tur,1987,42872.1
tur,1988,43359.1
tur,1989,44363.6
tur,1990,43852.1
tur,1991,43156.8
tur,1992,45102.7
tur,1993,46113.7
tur,1994,46995.3
tur,1995,48599.9
tur,1996,49428.6
tur,1997,51667.1
tur,1998,52564
tur,1999,54224.7
tur,2000,56261.3
tur,2001,57211
tur,2002,57967.4
tur,2003,59616.2
tur,2004,61961.6
tur,2005,64354.9
tur,2006,67179.7
tur,2007,70617.9
tur,2008,75649.4
tur,2009,76301.3
tur,2010,77306.8
tur,2011,78079.868
tur,2012,78852.936
tuv,1970,1.56519
tuv,1971,1.5628
tuv,1972,1.55971
tuv,1973,1.55473
tuv,1974,1.54712
tuv,1975,1.53594
tuv,1976,1.60628
tuv,1977,1.69382
tuv,1978,1.78449
tuv,1979,1.9026
tuv,1980,2.02742
tuv,1981,2.0362
tuv,1982,2.18081
tuv,1983,2.17472
tuv,1984,2.31213
tuv,1985,2.44108
tuv,1986,2.44383
tuv,1987,2.3687
tuv,1988,2.39165
tuv,1989,2.6585
tuv,1990,2.67939
tuv,1991,2.86987
tuv,1992,2.93589
tuv,1993,2.95124
tuv,1994,3.02644
tuv,1995,3.08225
tuv,1996,3.11311
tuv,1997,3.14938
tuv,1998,3.16743
tuv,1999,3.20689
tuv,2000,3.2168
tuv,2001,3.22649
tuv,2002,3.26591
tuv,2003,3.26761
tuv,2004,3.26864
tuv,2005,3.26964
tuv,2006,3.27067
tuv,2007,3.27669
tuv,2008,3.28464
tuv,2009,3.29119
tuv,2010,3.29957
tuv,2011,3.33257
tuv,2012,3.36556
tza,1970,25217.6
tza,1971,16772.3
tza,1972,17704
tza,1973,18523.7
tza,1974,17188.1
tza,1975,19579
tza,1976,18796.7
tza,1977,20622.7
tza,1978,21593.8
tza,1979,26185.8
tza,1980,23097.6
tza,1981,21554.7
tza,1982,23556.4
tza,1983,23407.3
tza,1984,19555.2
tza,1985,19984.8
tza,1986,19893.2
tza,1987,24634.1
tza,1988,20072.3
tza,1989,21839.3
tza,1990,26890.9
tza,1991,24039.9
tza,1992,32481.8
tza,1993,22725.8
tza,1994,25309.9
tza,1995,27570.4
tza,1996,24480.4
tza,1997,23866.3
tza,1998,30653.7
tza,1999,26289.7
tza,2000,29123.6
tza,2001,31105.3
tza,2002,29812.3
tza,2003,32596.9
tza,2004,30754
tza,2005,33609.9
tza,2006,25245.3
tza,2007,25012
tza,2008,25359.6
tza,2009,26722.6
tza,2010,27445
tza,2011,27719.45
tza,2012,27993.9
uga,1970,8564.57
uga,1971,8582.97
uga,1972,8742.54
uga,1973,9196.55
uga,1974,8618.27
uga,1975,9058.3
uga,1976,9402.37
uga,1977,9959.71
uga,1978,9851.01
uga,1979,10244.3
uga,1980,10788.8
uga,1981,10136.7
uga,1982,10803
uga,1983,10614.8
uga,1984,10775.8
uga,1985,10595.7
uga,1986,10921.8
uga,1987,10054
uga,1988,10169.6
uga,1989,10792.9
uga,1990,12246.2
uga,1991,11586.3
uga,1992,12424.4
uga,1993,12385.8
uga,1994,12323.5
uga,1995,12960.5
uga,1996,13046.9
uga,1997,13375.6
uga,1998,12953.7
uga,1999,13687.4
uga,2000,13606.4
uga,2001,13728.3
uga,2002,13772.5
uga,2003,14909.5
uga,2004,14430.1
uga,2005,16840.2
uga,2006,16243.6
uga,2007,26989.5
uga,2008,20963.6
uga,2009,17240.4
uga,2010,20745.9
uga,2011,20953.359
uga,2012,21160.818
ukr,1970,74351.6
ukr,1971,76560.1
ukr,1972,79049.8
ukr,1973,81584.4
ukr,1974,84127.6
ukr,1975,86556.9
ukr,1976,87886.7
ukr,1977,88930.1
ukr,1978,91856.2
ukr,1979,93879.6
ukr,1980,95262.3
ukr,1981,96014.2
ukr,1982,98175.4
ukr,1983,99681.3
ukr,1984,101303
ukr,1985,103493
ukr,1986,104519
ukr,1987,106141
ukr,1988,107633
ukr,1989,110814
ukr,1990,122321
ukr,1991,116175
ukr,1992,115569
ukr,1993,112543
ukr,1994,107267
ukr,1995,103737
ukr,1996,98528.7
ukr,1997,94233.3
ukr,1998,89749.6
ukr,1999,88243.8
ukr,2000,85290.3
ukr,2001,81889.1
ukr,2002,80947.7
ukr,2003,80026.2
ukr,2004,74231.7
ukr,2005,70939.1
ukr,2006,70251.4
ukr,2007,68781.5
ukr,2008,68324.6
ukr,2009,68120.3
ukr,2010,68387.6
ukr,2011,68224.24326
ukr,2012,68060.93652
ury,1970,14523.9
ury,1971,14322.2
ury,1972,14640.1
ury,1973,15332.6
ury,1974,16174.9
ury,1975,17164.2
ury,1976,16140.4
ury,1977,16077.9
ury,1978,16197.1
ury,1979,16930.7
ury,1980,18673.9
ury,1981,18954.9
ury,1982,18704.7
ury,1983,16669.2
ury,1984,15899.5
ury,1985,16389
ury,1986,16473.1
ury,1987,17343.7
ury,1988,17906.1
ury,1989,16857.9
ury,1990,15752.1
ury,1991,16571.7
ury,1992,17579.5
ury,1993,18256.3
ury,1994,18505.6
ury,1995,18492.8
ury,1996,18802.3
ury,1997,18610.4
ury,1998,18259.8
ury,1999,18464.3
ury,2000,18183
ury,2001,18168.5
ury,2002,18850.7
ury,2003,19288.4
ury,2004,19772.6
ury,2005,19751.3
ury,2006,20118
ury,2007,20327.2
ury,2008,20571.1
ury,2009,20117.4
ury,2010,19165.3
ury,2011,19356.953
ury,2012,19548.606
usa,1970,594255
usa,1971,579493
usa,1972,586231
usa,1973,589314
usa,1974,588197
usa,1975,589865
usa,1976,589557
usa,1977,584022
usa,1978,581486
usa,1979,600123
usa,1980,607555
usa,1981,608336
usa,1982,605957
usa,1983,591420
usa,1984,607640
usa,1985,601871
usa,1986,598844
usa,1987,604900
usa,1988,617992
usa,1989,621630
usa,1990,637636
usa,1991,627323
usa,1992,623194
usa,1993,617080
usa,1994,615255
usa,1995,604505
usa,1996,598692
usa,1997,589672
usa,1998,577778
usa,1999,568261
usa,2000,556609
usa,2001,551411
usa,2002,550977
usa,2003,551252
usa,2004,544113
usa,2005,538396
usa,2006,540769
usa,2007,542996
usa,2008,547798
usa,2009,528695
usa,2010,524709
usa,2011,514948.8225
usa,2012,499809.345
uzb,1970,16830.8
uzb,1971,17435.5
uzb,1972,18051.2
uzb,1973,18859
uzb,1974,19847.1
uzb,1975,20804.4
uzb,1976,21716.1
uzb,1977,22424.1
uzb,1978,23358.3
uzb,1979,23447.1
uzb,1980,24219.3
uzb,1981,24701.6
uzb,1982,25538.1
uzb,1983,26410
uzb,1984,27630.3
uzb,1985,28760.3
uzb,1986,29513
uzb,1987,30501.8
uzb,1988,32049.9
uzb,1989,32745.3
uzb,1990,32945.6
uzb,1991,32983.4
uzb,1992,32730.6
uzb,1993,33356.7
uzb,1994,34329.9
uzb,1995,34783.8
uzb,1996,34834.4
uzb,1997,35179.9
uzb,1998,36346.8
uzb,1999,36553.4
uzb,2000,37233.4
uzb,2001,37906.5
uzb,2002,39495.2
uzb,2003,40241.3
uzb,2004,40922.4
uzb,2005,42467.7
uzb,2006,43945.7
uzb,2007,44503.8
uzb,2008,46396.1
uzb,2009,46072.9
uzb,2010,46861.7
uzb,2011,47097.53673
uzb,2012,47333.36345
vct,1970,23.0254
vct,1971,23.0747
vct,1972,23.3925
vct,1973,23.8968
vct,1974,24.0333
vct,1975,24.2261
vct,1976,24.3835
vct,1977,24.6577
vct,1978,24.8632
vct,1979,25.0425
vct,1980,25.462
vct,1981,26.2443
vct,1982,26.8839
vct,1983,27.9294
vct,1984,29.2553
vct,1985,29.1735
vct,1986,29.11
vct,1987,27.8854
vct,1988,29.9393
vct,1989,29.7329
vct,1990,29.7217
vct,1991,29.7136
vct,1992,30.428
vct,1993,31.0684
vct,1994,31.8021
vct,1995,32.3437
vct,1996,32.7867
vct,1997,33.1995
vct,1998,33.7453
vct,1999,34.215
vct,2000,34.652
vct,2001,35.0913
vct,2002,35.6214
vct,2003,34.5445
vct,2004,34.9926
vct,2005,35.5294
vct,2006,36.0679
vct,2007,36.721
vct,2008,37.435
vct,2009,38.3372
vct,2010,39.0831
vct,2011,39.47393
vct,2012,39.86476
ven,1970,35151.4
ven,1971,33461.5
ven,1972,33138.7
ven,1973,34205.6
ven,1974,32872.8
ven,1975,30636.9
ven,1976,31846.9
ven,1977,31717.9
ven,1978,32770.8
ven,1979,34795.2
ven,1980,35294.6
ven,1981,35286.6
ven,1982,35744.4
ven,1983,35808.9
ven,1984,35966
ven,1985,36451.6
ven,1986,38092.6
ven,1987,39844.1
ven,1988,40051.1
ven,1989,40924.9
ven,1990,44121.9
ven,1991,45086.2
ven,1992,45587.6
ven,1993,47014.7
ven,1994,46746.2
ven,1995,49306.8
ven,1996,51643.6
ven,1997,54198
ven,1998,59932
ven,1999,53848.3
ven,2000,57933.4
ven,2001,59750.7
ven,2002,56103.6
ven,2003,57309.1
ven,2004,56847.2
ven,2005,57906
ven,2006,57872.5
ven,2007,61221.1
ven,2008,60628.8
ven,2009,58071.6
ven,2010,57057.7
ven,2011,57628.277
ven,2012,58198.854
vgb,1970,12.5746
vgb,1971,10.8639
vgb,1972,11.7522
vgb,1973,11.9621
vgb,1974,12.188
vgb,1975,12.4187
vgb,1976,12.6125
vgb,1977,12.8923
vgb,1978,13.117
vgb,1979,13.399
vgb,1980,13.7428
vgb,1981,14.0455
vgb,1982,14.9611
vgb,1983,15.5718
vgb,1984,16.0664
vgb,1985,16.8068
vgb,1986,17.7138
vgb,1987,11.0812
vgb,1988,14.7773
vgb,1989,14.989
vgb,1990,15.1515
vgb,1991,15.4049
vgb,1992,15.6532
vgb,1993,15.8505
vgb,1994,16.0876
vgb,1995,16.3201
vgb,1996,16.5462
vgb,1997,16.703
vgb,1998,16.8946
vgb,1999,17.0927
vgb,2000,17.2775
vgb,2001,17.4252
vgb,2002,17.5834
vgb,2003,17.739
vgb,2004,17.8867
vgb,2005,18.0281
vgb,2006,18.1798
vgb,2007,18.4005
vgb,2008,18.6243
vgb,2009,18.8496
vgb,2010,19.0969
vgb,2011,19.28787
vgb,2012,19.47884
vir,1970,16.1952
vir,1971,17.0634
vir,1972,18.2503
vir,1973,19.4645
vir,1974,20.6592
vir,1975,21.8926
vir,1976,22.9891
vir,1977,24.0651
vir,1978,25.1049
vir,1979,26.0877
vir,1980,27.1886
vir,1981,28.0999
vir,1982,28.7919
vir,1983,29.5257
vir,1984,30.2473
vir,1985,30.7884
vir,1986,31.2404
vir,1987,31.8795
vir,1988,32.5226
vir,1989,33.2215
vir,1990,33.803
vir,1991,34.3083
vir,1992,34.7904
vir,1993,35.2128
vir,1994,35.6297
vir,1995,35.9653
vir,1996,36.3927
vir,1997,36.8814
vir,1998,37.4368
vir,1999,38.0244
vir,2000,38.6406
vir,2001,39.2414
vir,2002,39.8668
vir,2003,40.4516
vir,2004,41.0292
vir,2005,41.6264
vir,2006,42.2629
vir,2007,43.1376
vir,2008,44.1381
vir,2009,45.1198
vir,2010,46.2222
vir,2011,46.68442
vir,2012,47.14664
vnm,1970,54144.9
vnm,1971,53308.9
vnm,1972,54413.9
vnm,1973,56044.1
vnm,1974,56330.5
vnm,1975,53746.3
vnm,1976,56729.4
vnm,1977,58523
vnm,1978,58103.3
vnm,1979,57804.2
vnm,1980,58070.8
vnm,1981,58473.2
vnm,1982,59026.5
vnm,1983,59091.4
vnm,1984,58501.4
vnm,1985,58648.1
vnm,1986,58737.8
vnm,1987,58382.2
vnm,1988,58867.2
vnm,1989,59785.6
vnm,1990,60473.8
vnm,1991,61759.8
vnm,1992,63403.4
vnm,1993,63890.9
vnm,1994,63964.7
vnm,1995,66075.9
vnm,1996,67543.8
vnm,1997,68456.2
vnm,1998,72807.4
vnm,1999,72666.3
vnm,2000,75429.7
vnm,2001,75926.2
vnm,2002,80623.3
vnm,2003,80775.5
vnm,2004,88418.1
vnm,2005,94344.9
vnm,2006,99338.4
vnm,2007,103899
vnm,2008,106450
vnm,2009,110278
vnm,2010,111337
vnm,2011,112450.37
vnm,2012,113563.74
vut,1970,128.364
vut,1971,140.77
vut,1972,142.332
vut,1973,157.343
vut,1974,164.89
vut,1975,172.358
vut,1976,179.577
vut,1977,173.437
vut,1978,167.98
vut,1979,163.689
vut,1980,162.433
vut,1981,161.867
vut,1982,165.612
vut,1983,169.642
vut,1984,170.461
vut,1985,176.736
vut,1986,182.873
vut,1987,190.064
vut,1988,191.223
vut,1989,198.378
vut,1990,213.989
vut,1991,221.44
vut,1992,234.846
vut,1993,249.675
vut,1994,252.532
vut,1995,253.399
vut,1996,256.289
vut,1997,258.949
vut,1998,261.833
vut,1999,264.709
vut,2000,267.267
vut,2001,264.887
vut,2002,262.719
vut,2003,262.154
vut,2004,257.432
vut,2005,257.924
vut,2006,258.834
vut,2007,261.185
vut,2008,262.931
vut,2009,247.88
vut,2010,249.176
vut,2011,251.66776
vut,2012,254.15952
wsm,1970,63.1671
wsm,1971,63.5784
wsm,1972,64.1054
wsm,1973,64.9869
wsm,1974,67.9101
wsm,1975,71.3944
wsm,1976,73.0189
wsm,1977,74.1033
wsm,1978,76.0098
wsm,1979,78.2411
wsm,1980,81.0642
wsm,1981,84.4072
wsm,1982,88.0366
wsm,1983,89.3804
wsm,1984,92.2619
wsm,1985,98.0169
wsm,1986,107.254
wsm,1987,115.163
wsm,1988,115.705
wsm,1989,115.284
wsm,1990,114.348
wsm,1991,114.108
wsm,1992,111.587
wsm,1993,113.412
wsm,1994,114.709
wsm,1995,112.308
wsm,1996,112.452
wsm,1997,112.655
wsm,1998,114.016
wsm,1999,114.472
wsm,2000,115.615
wsm,2001,124.27
wsm,2002,124.558
wsm,2003,124.9
wsm,2004,126.354
wsm,2005,126.702
wsm,2006,127.672
wsm,2007,128.411
wsm,2008,129.333
wsm,2009,129.899
wsm,2010,130.272
wsm,2011,131.57472
wsm,2012,132.87744
yem,1970,2204.67
yem,1971,2350.97
yem,1972,2338.22
yem,1973,2275.63
yem,1974,2397.27
yem,1975,2456.28
yem,1976,2353.01
yem,1977,2379.95
yem,1978,2404.6
yem,1979,2427.44
yem,1980,2472.29
yem,1981,2517.52
yem,1982,2564.12
yem,1983,2610.94
yem,1984,2659.19
yem,1985,2707.28
yem,1986,2778.21
yem,1987,2870.3
yem,1988,3285.71
yem,1989,3428.04
yem,1990,3912.18
yem,1991,3886.92
yem,1992,3935.12
yem,1993,4114.03
yem,1994,4938.16
yem,1995,4933.81
yem,1996,5107.29
yem,1997,5352.07
yem,1998,5498.36
yem,1999,5757.47
yem,2000,6137.9
yem,2001,6233.36
yem,2002,6315.4
yem,2003,6833.29
yem,2004,6874.06
yem,2005,7787.77
yem,2006,8338.36
yem,2007,8476.15
yem,2008,8319.61
yem,2009,8535.33
yem,2010,8764.63
yem,2011,8852.2763
yem,2012,8939.9226
zaf,1970,32269.9
zaf,1971,31853.4
zaf,1972,32150.2
zaf,1973,33393
zaf,1974,34374.5
zaf,1975,35700.4
zaf,1976,36502.3
zaf,1977,37856.4
zaf,1978,38728
zaf,1979,41239.3
zaf,1980,41675.4
zaf,1981,42724.5
zaf,1982,44611
zaf,1983,45612.8
zaf,1984,47325.4
zaf,1985,47898.9
zaf,1986,48154.9
zaf,1987,48965.6
zaf,1988,49983.8
zaf,1989,50880.3
zaf,1990,53369.7
zaf,1991,53808.4
zaf,1992,53589.4
zaf,1993,54063.2
zaf,1994,54547.3
zaf,1995,55254.3
zaf,1996,56103.7
zaf,1997,58028.1
zaf,1998,58883.5
zaf,1999,59353.1
zaf,2000,59465.2
zaf,2001,60554.3
zaf,2002,60547.1
zaf,2003,62778.9
zaf,2004,63995.3
zaf,2005,65389.4
zaf,2006,65470.7
zaf,2007,66110
zaf,2008,67234.5
zaf,2009,65472.9
zaf,2010,65311.2
zaf,2011,64233.62421
zaf,2012,63155.98842
zmb,1970,33880.5
zmb,1971,14742.8
zmb,1972,16642
zmb,1973,18544.1
zmb,1974,14937.9
zmb,1975,19599.6
zmb,1976,16628.4
zmb,1977,20391.4
zmb,1978,21838
zmb,1979,31530.3
zmb,1980,24249
zmb,1981,19852.7
zmb,1982,23690.2
zmb,1983,23197.5
zmb,1984,15404.1
zmb,1985,16141.8
zmb,1986,15331.2
zmb,1987,25036.5
zmb,1988,14642.3
zmb,1989,17952.3
zmb,1990,29119.3
zmb,1991,22423.5
zmb,1992,41214.8
zmb,1993,18289
zmb,1994,23290.7
zmb,1995,24090.6
zmb,1996,18974.7
zmb,1997,18100.2
zmb,1998,21569.8
zmb,1999,19834.1
zmb,2000,18099.7
zmb,2001,17900.2
zmb,2002,18103.1
zmb,2003,18517.4
zmb,2004,19551.4
zmb,2005,21191.6
zmb,2006,20195.7
zmb,2007,20495.1
zmb,2008,6121.19
zmb,2009,6293.5
zmb,2010,6422.92
zmb,2011,6487.1492
zmb,2012,6551.3784
zwe,1970,8496.71
zwe,1971,7493.8
zwe,1972,7472.28
zwe,1973,7730.58
zwe,1974,7572.6
zwe,1975,8194.14
zwe,1976,8152.83
zwe,1977,8572.13
zwe,1978,8133.56
zwe,1979,8330.49
zwe,1980,7534.17
zwe,1981,7313.21
zwe,1982,7978.88
zwe,1983,7955.08
zwe,1984,7522.51
zwe,1985,7797.16
zwe,1986,8146.19
zwe,1987,9189.64
zwe,1988,8470.34
zwe,1989,8789.06
zwe,1990,10256.1
zwe,1991,8852.57
zwe,1992,10785.4
zwe,1993,7414.98
zwe,1994,7955.84
zwe,1995,8219.76
zwe,1996,8862.55
zwe,1997,8816.33
zwe,1998,9241.81
zwe,1999,10250.2
zwe,2000,9671.62
zwe,2001,10137.6
zwe,2002,9603.94
zwe,2003,9208.9
zwe,2004,9522.42
zwe,2005,9657.96
zwe,2006,8464.64
zwe,2007,8467.99
zwe,2008,8455.01
zwe,2009,8377.39
zwe,2010,8420.5
zwe,2011,8504.705
zwe,2012,8588.91
